1.5152454360751693
1.5182154893351714
1.5126154027678240
1.5148843102995870
1.5167587261001367
1.5118860442794870
1.5176102472714805
1.5135379433577061
1.5146656149840789
1.5168814560170614
1.5116401532086361
1.5143787953081442
1.5142347100671074
1.5181413109197095
1.5168023455985309
1.5121641833774861
1.5116518084403150
1.5110618479318148
1.5164665510602655
1.5124207712368298
1.5160612072832160
1.5135562515982866
1.5115643071237661
1.5127287328819750
1.5134179652990374
1.5133121107530583
1.5132994683366390
1.5091197513229744
1.5162104417149067
1.5129267444601053
1.5124870861913717
1.5084137105372468
1.5143978571291339
1.5106072563125161
1.5150214436551845
1.5143824296691122
1.5141961479186623
1.5082798874954708
1.5120956538795536
1.5125849899712431
1.5146978736688625
1.5131373905035972
1.5138525309372770
1.5140268832808175
1.5151025446018478
1.5132899396897364
1.5144083916836846
1.5106147619248327
1.5132520879078899
1.5106361103653010
1.5130312555152816
1.5119974032712749
1.5142431429878143
1.5134227168611940
1.5128836156318741
1.5146430780377358
1.5130935745769658
1.5154206238763908
1.5150986607985293
1.5143329009314146
1.5128066413940047
1.5117924818461574
1.5133841159087629
1.5159173905919598
1.5141797121639533
1.5102385928500501
1.5134557814249392
1.5128493363983433
1.5180004414629049
1.5113928707556790
1.5139080301791981
1.5130871806011317
1.5156827971911848
1.5134751598056850
1.5126785961564069
1.5120397219221475
1.5141701232381808
1.5112044148967561
1.5098556970209931
1.5168476483648925
1.5099853230315399
1.5137789090761282
1.5131524376886227
1.5148083650064290
1.5091561418113220
1.5116261045768566
1.5155936277598754
1.5119843463401599
1.5126763499744260
1.5116178965972458
1.5127293657887761
1.5116342137102290
1.5146070651819445
1.5128134578474943
1.5140336199729860
1.5144500996409638
1.5147876491574122
1.5132884817602790
1.5147800190272231
1.5109590750654016
1.5142469258751332
1.5161076121743704
1.5120108210936110
1.5142681178819568
1.5120528236679125
1.5165568277575627
1.5143585794454617
1.5125424559169010
1.5164199407635228
1.5189085923243302
1.5115781194882136
1.5181238131859811
1.5140520767619492
1.5164975642443665
1.5151987098261306
1.5152419991714359
1.5112892194670171
1.5149646022030097
1.5145589693950054
1.5146691039525324
1.5123155510009749
1.5134353950239496
1.5137045399985647
1.5117049612950642
1.5102958257708736
1.5129937207797353
1.5130568162418627
1.5136505912434188
1.5127324088933654
1.5122206855679332
1.5146972627854671
1.5134354992830537
1.5151738408381674
1.5162868633974345
1.5140350336687096
1.5143508639836609
1.5130210306544456
1.5113230006602407
1.5133930210903428
1.5128452022682348
1.5133645053775662
1.5138510707862878
1.5159368844059655
1.5126533744355788
1.5128314262734388
1.5149948838611609
1.5150543825595224
1.5126527308915454
1.5141466184024421
1.5151951948801057
1.5135009160354969
1.5145521892334444
1.5116670386002811
1.5126070259697566
1.5125145249616434
1.5141195889226557
1.5103722277558969
1.5149174527078566
1.5128012430888091
1.5101621958281655
1.5145588484756247
1.5125569197853312
1.5136166601315202
1.5164283599472521
1.5144237687789899
1.5143632801301035
1.5113109072519151
1.5127388644382473
1.5121780707776906
1.5147417399028011
1.5111583336190535
1.5136065148610029
1.5129775312172546
1.5154488287854042
1.5159119408677031
1.5107551505905121
1.5167697190257710
1.5135630597005221
1.5143549098214559
1.5116889374712490
1.5189840591358061
1.5151684193911852
1.5101170238636141
1.5156495441649322
1.5145743398451519
1.5147415759347793
1.5145384356287079
1.5142592459852271
1.5139782977564380
1.5128260269628020
1.5153429803273184
1.5146777676376251
1.5122950206612009
1.5170930037698769
1.5136314662674806
1.5174714939391285
1.5134103730329937
1.5103070566473988
1.5167321977316222
1.5147893280337359
1.5127121349682315
1.5143654737073704
1.5118619592787454
1.5160129000034446
1.5116118701262158
1.5098727687207167
1.5130713616086795
1.5143190382418243
1.5154910261224104
1.5143047395036024
1.5116204181455759
1.5170933058581906
1.5159944605622626
1.5154037080818357
1.5142751044209914
1.5132717707122685
1.5130185311894495
1.5175579487054165
1.5134514122331810
1.5127222584290203
1.5130735724459781
1.5172855744274074
1.5143632653313757
1.5127568993116525
1.5120465517178170
1.5153602391256220
1.5141025789399234
1.5149234622416263
1.5153074557168340
1.5149691641897880
1.5138623848945221
1.5136425851038213
1.5126336943216980
1.5115457514965680
1.5130830353631650
1.5103448082269990
1.5156983837849352
1.5145202377203628
1.5123827662563714
1.5167903431790022
1.5114466181301098
1.5121553644819632
1.5129713279209771
1.5131220379437551
1.5130205990629979
1.5120858842716989
1.5146528598396369
1.5092742501419811
1.5105803139284451
1.5123707753976108
1.5143450901988271
1.5144396014133934
1.5134010743812003
1.5115276988394502
1.5166030083742541
1.5145724256867217
1.5144353738755871
1.5164084603164170
1.5131476710036580
1.5172195880506825
1.5089984411374522
1.5150722539358219
1.5117678738208804
1.5114845106810677
1.5170353311329463
1.5157472222290389
1.5143872440298485
1.5137728119711837
1.5084403417447658
1.5146414282403038
1.5148149203148986
1.5156645713055155
1.5102490391631020
1.5132443868754759
1.5122504877801997
1.5128417785684416
1.5105763768413125
1.5092134242608408
1.5141850911913051
1.5116517441435480
1.5141426258232793
1.5133365675364205
1.5123490224419425
1.5165411315333930
1.5156727787224356
1.5104989251621646
1.5134773618075950
1.5114554696226281
1.5115759673879796
1.5138343998639829
1.5166883698645774
1.5097863735405068
1.5120943864958092
1.5137968142949114
1.5118373611147733
1.5145269294016461
1.5138323091559622
1.5109998750221432
1.5105378370589395
1.5123433805264865
1.5116207452558870
1.5150460972827360
1.5104782781283030
1.5150153159849469
1.5125445443332575
1.5150938773021938
1.5127185882566547
1.5162972060682904
1.5129744563110947
1.5132302070773525
1.5150405456863707
1.5126285972516511
1.5085945830772256
1.5126620371823636
1.5151415672683914
1.5160054229315318
1.5123281057988156
1.5102619614692321
1.5150036431701195
1.5146394713388511
1.5147931532924002
1.5131934514528440
1.5125786301750683
1.5178381531360972
1.5132989006215085
1.5150683936535283
1.5120401835805954
1.5166408929193314
1.5121313838503070
1.5145897323901674
1.5121301464765973
1.5134479929116316
1.5118479105836546
1.5137959040204410
1.5114830558663970
1.5144548509380462
1.5144509945808595
1.5116757933921459
1.5123032329415398
1.5153504347398452
1.5146298395267837
1.5129574084596906
1.5126182324525461
1.5129228081033148
1.5119743425818011
1.5144690359374697
1.5089989159345583
1.5114359941673579
1.5125380554895145
1.5148690105780036
1.5132183565522639
1.5126723340169217
1.5143696015547685
1.5120250547791363
1.5153124216708986
1.5153123957140739
1.5113577639307751
1.5141051072988316
1.5151688052270431
1.5131613149878758
1.5113888622997635
1.5141400061075319
1.5127269471938680
1.5139535578604375
1.5179079047405137
1.5138986185189980
1.5156644738408969
1.5139455310482408
1.5103272720523770
1.5151919353825709
1.5124487189124689
1.5098518142759889
1.5129466973688148
1.5128019698385406
1.5123891912709249
1.5114582394813671
1.5122508865873339
1.5154598631746992
1.5120748234724333
1.5150654468695606
1.5118601446581283
1.5131961072928646
1.5152122864321873
1.5131922116557588
1.5140584790521434
1.5145532115348390
1.5116538584360004
1.5130715453130763
1.5139379218507816
1.5113714561414471
1.5166375215549732
1.5164218353876124
1.5108072695577701
1.5159924592853937
1.5157723134139582
1.5140118316574744
1.5162690001777623
1.5148040270322578
1.5165229618084206
1.5139889169712948
1.5172494917511532
1.5141173058502262
1.5116688427377165
1.5153663332331648
1.5114371768936825
1.5122423411867425
1.5147127075302291
1.5113791868229722
1.5136478181343551
1.5136633030036504
1.5163559678245617
1.5152767574475543
1.5131415694085346
1.5133049818494198
1.5115199773374923
1.5124909033296801
1.5159645201146585
1.5120609851653586
1.5119578042346058
1.5157671582647547
1.5132188913539335
1.5131807183052715
1.5134573349679161
1.5156570648234879
1.5123206150347444
1.5116801424242283
1.5129731983938939
1.5139681990942171
1.5139812676402842
1.5129156604722904
1.5155354769907092
1.5127830168549945
1.5104414346413735
1.5165416778152401
1.5129639244703925
1.5129665108807435
1.5114688350372234
1.5126314399781646
1.5148801073131026
1.5122288654320022
1.5176418633017648
1.5142952565331651
1.5109042301772817
1.5104041933552523
1.5115213705905737
1.5139361157205542
1.5154792084824262
1.5120094423920221
1.5168253387921991
1.5141212709243690
1.5166567509110314
1.5095524878160946
1.5159636279694335
1.5154712719836179
1.5156468271051411
1.5144124993370645
1.5137544832713710
1.5158178138431051
1.5174135417625831
1.5156943630417075
1.5169262327840738
1.5143745463523328
1.5134121047254965
1.5180989817663477
1.5183427411983321
1.5116608758928689
1.5124780979423684
1.5167514546442558
1.5135560568947366
1.5165579782246112
1.5138664966538515
1.5138938058270637
1.5166405662003779
1.5134884830974660
1.5148889537367103
1.5101593283945736
1.5148886571377365
1.5138034646148415
1.5155323461635692
1.5165766687895939
1.5127273953458842
1.5155072649720223
1.5127421440340620
1.5106923153657448
1.5164765304180761
1.5136967622282167
1.5180402949806950
1.5088619544220241
1.5140673719974176
1.5135603462354441
1.5122955528329252
1.5128311532024459
1.5129627644922210
1.5122757120985906
1.5150221461100841
1.5160538460273929
1.5114842191667603
1.5134640804928512
1.5131339426106447
1.5123799538749538
