-1.5134891891022475
-1.5153421420744368
-1.5120804594074355
-1.5144088462696053
-1.5112339020336891
-1.5136095250616652
-1.5123093450662366
-1.5089964856321276
-1.5115978735402393
-1.5155429097079789
-1.5098855295178180
-1.5142098485054640
-1.5155014501862216
-1.5119018489638107
-1.5133106169533124
-1.5099775115263177
-1.5139039469562388
-1.5126668196402615
-1.5128138380245710
-1.5131752845105368
-1.5102216077817892
-1.5119155502412567
-1.5154529783388142
-1.5158081202431024
-1.5120832485125644
-1.5148413926396447
-1.5112549861152547
-1.5131384073688237
-1.5120935552127668
-1.5131008176066487
-1.5111687223576820
-1.5070345963946665
-1.5123413251747611
-1.5136147325491167
-1.5098539025023952
-1.5109381573851421
-1.5135842822248307
-1.5104329821187621
-1.5089206847659482
-1.5136960069735996
-1.5112551858172223
-1.5146534675675811
-1.5114164335033085
-1.5148518531256518
-1.5124109160225130
-1.5146355025377742
-1.5113668115717214
-1.5154993488855923
-1.5136037693018292
-1.5132987916905951
-1.5135172767343568
-1.5137785607723009
-1.5173711912911318
-1.5101899703676394
-1.5121691462704894
-1.5163575537906202
-1.5112736703180476
-1.5141953811411739
-1.5145178046939680
-1.5123414344384851
-1.5130393545865788
-1.5119741002694540
-1.5115735540504647
-1.5170941695920048
-1.5154447510287112
-1.5150983533031464
-1.5126656094382704
-1.5123547391832748
-1.5132198524877314
-1.5167262682545559
-1.5108874860231978
-1.5138366845936735
-1.5143746256380994
-1.5113839613883104
-1.5145279789088002
-1.5143102617391127
-1.5130769007152902
-1.5149287317029581
-1.5123042995309812
-1.5169045941050696
-1.5131076748334524
-1.5143978690584572
-1.5117499191578776
-1.5132301797023493
-1.5149364778425531
-1.5154145584879368
-1.5129799060091924
-1.5168525788579705
-1.5163600053100965
-1.5175432898771577
-1.5130395635965943
-1.5096512066797432
-1.5125783029354980
-1.5099552694429716
-1.5129334512062258
-1.5116330462826344
-1.5147315378244548
-1.5115972638958979
-1.5140054610089468
-1.5113852134259074
-1.5148224790091158
-1.5097764731057044
-1.5125368809019482
-1.5144415939010769
-1.5173903417920092
-1.5135544663173577
-1.5133709673383489
-1.5128620113165923
-1.5131847978618416
-1.5170053402494403
-1.5161806911284106
-1.5133070020679240
-1.5147441427307784
-1.5109713796525019
-1.5149823536547637
-1.5132785066410395
-1.5120987899546368
-1.5140874813948908
-1.5169632129190984
-1.5142923862263435
-1.5145816949726973
-1.5149401262321740
-1.5080500224916862
-1.5142340864312929
-1.5127137913300264
-1.5139571348948815
-1.5126507631381216
-1.5146283598190409
-1.5160488315024094
-1.5101567298813450
-1.5108557611166376
-1.5110000705342992
-1.5113095297190311
-1.5135750925112932
-1.5117041697129887
-1.5118199364110363
-1.5142031649494414
-1.5142920929502830
-1.5119323285710957
-1.5101590713533344
-1.5159173184814583
-1.5156649141490897
-1.5164039170415176
-1.5166373184867377
-1.5137774372422927
-1.5119553082757395
-1.5130070666791700
-1.5150673377141131
-1.5150545667332949
-1.5129379666680565
-1.5149106723747909
-1.5135203047194166
-1.5178699016979740
-1.5143425276065969
-1.5128666694213191
-1.5114388638285225
-1.5131885842717574
-1.5129824849603783
-1.5128560964870041
-1.5149837113851612
-1.5112807537182065
-1.5137881777025668
-1.5154501916335379
-1.5127865023226745
-1.5122136407487743
-1.5151505525335378
-1.5133105752103626
-1.5095085716422627
-1.5151840798428078
-1.5126193964654056
-1.5153929223755356
-1.5137102536832383
-1.5131835838471086
-1.5117397881960255
-1.5124102828276973
-1.5125034913217423
-1.5120059784205211
-1.5154932435924831
-1.5144545507302141
-1.5141617239962446
-1.5161991467435367
-1.5105942851828962
-1.5152064491202504
-1.5148297751510724
-1.5160496286745797
-1.5149626097082147
-1.5157715794090321
-1.5106925890546448
-1.5104094462266142
-1.5124377591759883
-1.5147326745794925
-1.5125324679551295
-1.5143409717510157
-1.5141568974973791
-1.5157666678821189
-1.5121907888451698
-1.5131530205956867
-1.5112440574283001
-1.5158292374684430
-1.5123734147676502
-1.5089094962771297
-1.5145297061977134
-1.5128867388011713
-1.5099927567877094
-1.5153438896610154
-1.5103654113769098
-1.5131527068592319
-1.5141304113452965
-1.5167168559733974
-1.5148105016883193
-1.5146852048093375
-1.5142206005681642
-1.5101763033009237
-1.5133216664855829
-1.5101499119254764
-1.5142609749241192
-1.5123988008981510
-1.5151822157846038
-1.5152196819424002
-1.5111191852747465
-1.5120087801052025
-1.5187312611932582
-1.5153380191312422
-1.5141443596644564
-1.5113769028705120
-1.5141033173754177
-1.5081652914342369
-1.5123151183396910
-1.5135047875484420
-1.5115733886343248
-1.5156337295609172
-1.5143436553667857
-1.5140352522467599
-1.5086112963809766
-1.5137066073017744
-1.5152968290902318
-1.5134759434188947
-1.5112764162944796
-1.5170795683803868
-1.5136466386208085
-1.5126188424305536
-1.5120632954843647
-1.5122400119550903
-1.5117390750595465
-1.5127137221801275
-1.5136495216953767
-1.5137335976951034
-1.5113986770051380
-1.5161613456754224
-1.5148296681972393
-1.5130051773025681
-1.5115261856367952
-1.5077967467939128
-1.5132265446264219
-1.5204914456594225
-1.5122756237631043
-1.5155534474437882
-1.5152507104030708
-1.5139615677223270
-1.5152608036790933
-1.5158235698606035
-1.5152711926295535
-1.5106625627520243
-1.5154541561550929
-1.5137091774498626
-1.5126996097696355
-1.5145968104184959
-1.5155235922716210
-1.5149564905036701
-1.5115189402982683
-1.5163831801619176
-1.5143807259792881
-1.5125146326112631
-1.5098736805144912
-1.5121777004076027
-1.5153192748039841
-1.5137116637894366
-1.5132303556617159
-1.5180163803119082
-1.5137710934057720
-1.5131801903300042
-1.5129493888229844
-1.5099755944992239
-1.5153755953844570
-1.5124175396050408
-1.5157164125151212
-1.5111746411949607
-1.5107130315216653
-1.5136827404776354
-1.5132147293190883
-1.5163082534819319
-1.5157697883522556
-1.5117388017776021
-1.5110599612047151
-1.5147190534837112
-1.5126841928983479
-1.5166743292462048
-1.5183409211519485
-1.5145549143056773
-1.5164282314315698
-1.5143996999778617
-1.5152491485838466
-1.5143504273667003
-1.5132282637655423
-1.5153569716957644
-1.5162270957408128
-1.5182143866414872
-1.5129063615921678
-1.5180193482643007
-1.5143278136081582
-1.5139843954662324
-1.5153978895542597
-1.5153873452084923
-1.5110644828717268
-1.5112699859121415
-1.5144852312442554
-1.5106796474662916
-1.5137541766427827
-1.5140163994124494
-1.5159536684664983
-1.5111125763220856
-1.5115810513579175
-1.5143428802811181
-1.5140038243070213
-1.5141306214945207
-1.5141413988511929
-1.5156166429047757
-1.5123608664512629
-1.5163820710258988
-1.5120468095011010
-1.5150117181608267
-1.5128689246350915
-1.5165402306582509
-1.5150832954567448
-1.5125145350507576
-1.5127205486334117
-1.5154196746281556
-1.5131744355854275
-1.5120267198044248
-1.5102426840411491
-1.5147435484091132
-1.5155477925977094
-1.5114886777856751
-1.5143224140367162
-1.5149144989521750
-1.5136714683671255
-1.5148874372966323
-1.5126805339515699
-1.5098625382297926
-1.5151698385940611
-1.5137833329240467
-1.5148883249556715
-1.5154884330245821
-1.5123934281193001
-1.5132235086388308
-1.5124839525694525
-1.5114757464324013
-1.5149408817336716
-1.5106208400254233
-1.5115101687360935
-1.5153258234421729
-1.5144132757358277
-1.5132086162976828
-1.5142133352040243
-1.5133611492268015
-1.5161791671500122
-1.5153136058560774
-1.5146674036765948
-1.5124459365824947
-1.5133646432521983
-1.5151382312555168
-1.5132583168171407
-1.5155268303082734
-1.5143695340639978
-1.5148935796693619
-1.5121513728849945
-1.5142660413372384
-1.5154164915563271
-1.5139813816788388
-1.5130914157481323
-1.5143400484736720
-1.5141341563480386
-1.5088071149449431
-1.5164751620214989
-1.5160103061850787
-1.5153979187468929
-1.5165387551361971
-1.5113756160326040
-1.5139196294980364
-1.5138325109142174
-1.5117215172415204
-1.5141758028050856
-1.5119861317341428
-1.5137590092560669
-1.5118545882263990
-1.5129062374277342
-1.5151194422479481
-1.5135822019000398
-1.5112480969120268
-1.5125368484245671
-1.5115560353830475
-1.5079733647891260
-1.5148283549571075
-1.5142951467616630
-1.5128180785187397
-1.5149104610133894
-1.5130275971119269
-1.5142725003293742
-1.5095716375125863
-1.5156599890801585
-1.5136879323616752
-1.5140316966138196
-1.5132517056684127
-1.5163579377170890
-1.5141741107110542
-1.5120502502534268
-1.5152048510055462
-1.5136122522165234
-1.5150741453687444
-1.5154875245418633
-1.5120027544377455
-1.5117538153277434
-1.5162506060432901
-1.5158869466530762
-1.5138999409639224
-1.5136615141264897
-1.5119411368434126
-1.5142462637975957
-1.5127833599122975
-1.5144439132117102
-1.5153679857439328
-1.5147972398898704
-1.5149441082273254
-1.5172470585829227
-1.5147671475335802
-1.5133112603222441
-1.5156241301058107
-1.5140741742340542
-1.5149199328840892
-1.5131251928453606
-1.5133201879743925
-1.5149644092903161
-1.5154646006604513
-1.5122447872459264
-1.5151351600334650
-1.5171573358156205
-1.5157294003589594
-1.5121187838894703
-1.5154169194745646
-1.5184101411062516
-1.5102189346801325
-1.5183930553545546
-1.5115537212733368
-1.5145705122604116
-1.5106758205265425
-1.5134763476719078
-1.5129703764727522
-1.5128499147699783
-1.5133757987245264
-1.5184653049120056
-1.5084538245486034
-1.5153274668138816
-1.5146424768826519
-1.5121038834755485
-1.5139283418027001
-1.5104470997129629
-1.5150422597397448
-1.5145461465802303
-1.5128824780655692
-1.5137580426510613
-1.5107209160659893
-1.5125803279317707
-1.5143570770207360
-1.5170636423023207
-1.5119264845428964
-1.5128639440848104
-1.5103442393514155
-1.5182668324197475
-1.5163385129743747
-1.5124392046682889
-1.5158535698699849
-1.5108024670503879
-1.5145627056566051
-1.5112352086642420
-1.5144758999027108
-1.5109593129795711
-1.5132767389898178
-1.5133160032952531
-1.5099831778588297
-1.5148961104869667
-1.5160797315337249
-1.5147176214691587
-1.5141195984282736
-1.5118223164469102
-1.5166140653411464
-1.5128247805049084
-1.5110133609361331
-1.5121705127760110
-1.5111581393041018
-1.5136726822158346
