1.2532275961308930
1.2490465769316486
1.2538901788642827
1.2546188131008864
1.2555576320599660
1.2587440975993043
1.2490627136679417
1.2490005469469314
1.2512543837967793
1.2568262461082174
1.2548213649161635
1.2570050511634472
1.2557610201295331
1.2541740035310054
1.2504069425784063
1.2569871217230568
1.2582572812507224
1.2518290753575920
1.2529212935654768
1.2550930404089857
1.2545399938991950
1.2463013646621850
1.2549852761944023
1.2546785342608249
1.2534227436206518
1.2589750468904199
1.2572143243863152
1.2533348748093194
1.2586598111042862
1.2542340312243345
1.2566223230505185
1.2526014501517584
1.2509784526558605
1.2535001455319301
1.2539228563740012
1.2571139708865806
1.2573901206429912
1.2594691252441037
1.2574492631227940
1.2530522166804190
1.2611744035596388
1.2527187630128174
1.2475071964473547
1.2541829135715350
1.2524539069219069
1.2458512415041203
1.2580472900633461
1.2528886881222372
1.2533999978998562
1.2563760287012116
1.2604364163708544
1.2528978437687728
1.2482247887965285
1.2495172063312883
1.2501521968910765
1.2486573394331655
1.2519385993568466
1.2535272013138103
1.2547962954325891
1.2512699427307643
1.2576848546048591
1.2617174118722745
1.2506296428709558
1.2541756377905628
1.2558075362368639
1.2534888880995416
1.2488274713068563
1.2509339239613964
1.2509915334397250
1.2558185621525615
1.2485254499186882
1.2517543929692305
1.2548349204499518
1.2533130703361524
1.2535514860871118
1.2547969781117729
1.2532655732811864
1.2536754089413502
1.2531946948770274
1.2543995141946522
1.2479839683363976
1.2531748386811261
1.2517586883829479
1.2499045267963291
1.2545824572538875
1.2589460864045126
1.2524746822793533
1.2590413473717474
1.2565764358500753
1.2529165099453505
1.2538210087815287
1.2537219700126270
1.2528589066637883
1.2531922306863463
1.2591488526899026
1.2582411416159487
1.2559533651392756
1.2546302557605689
1.2522859602250944
1.2514641049282134
1.2530948870615788
1.2542346631252248
1.2542715115564238
1.2557073808814863
1.2515987765259535
1.2494394502674391
1.2540616963954814
1.2488723193654536
1.2542407848975443
1.2574878577704669
1.2531358414298202
1.2448488540462792
1.2586660947176613
1.2581704930034265
1.2561677971772918
1.2509951025328174
1.2547484105824838
1.2574838751892472
1.2517844034948462
1.2533824606161525
1.2512205989137923
1.2563859097801144
1.2584006235745255
1.2509417903444628
1.2517697774041547
1.2537952944983812
1.2481738233671533
1.2498659548434825
1.2484487613391435
1.2524527094163034
1.2515080323257795
1.2532278086893887
1.2536855734798635
1.2525495502661916
1.2539720050185859
1.2535257991838056
1.2507585290062520
1.2522454831649439
1.2527221579369376
1.2495291483576365
1.2514469812511722
1.2522855347102511
1.2537301262304497
1.2535405580620451
1.2521468262951221
1.2556308380375309
1.2516845506174819
1.2508656739331865
1.2506136461625375
1.2563310232384099
1.2524402319302075
1.2498172271960015
1.2506209618871393
1.2533169826812396
1.2481968336248475
1.2495820312326993
1.2543636769134454
1.2505269875917990
1.2546524669528114
1.2546228680029938
1.2480392727529488
1.2566206132998887
1.2513711258138831
1.2495778461361640
1.2525118578129595
1.2504712590609222
1.2512794537446339
1.2532001804059689
1.2593233664888484
1.2579365752510936
1.2479462916468298
1.2558283728599973
1.2514813683603705
1.2519301182631712
1.2555043718439389
1.2535259611791008
1.2571696539134574
1.2479242127157018
1.2552332709540668
1.2544811555508157
1.2594163997402315
1.2519977245218021
1.2526069187268032
1.2566947101761063
1.2514880317123813
1.2586629189629137
1.2525513784166065
1.2564042436116385
1.2592362013565808
1.2544519314954414
1.2601324344382563
1.2536908308649428
1.2540503305956432
1.2574722094914597
1.2606482987729939
1.2474865146824858
1.2619444609770361
1.2559137111376386
1.2548803122423915
1.2476124299765377
1.2525272073119229
1.2498029484973738
1.2529233014126451
1.2526512402380823
1.2554481265421511
1.2554884467863450
1.2556507017985690
1.2514318874880699
1.2488354458713682
1.2565224467987293
1.2486691832799062
1.2547186295379835
1.2552189548673938
1.2506788485808775
1.2626009215546381
1.2574078280593761
1.2529402883349314
1.2582559643905609
1.2562141954064610
1.2540399156944306
1.2551968672718659
1.2539399835115574
1.2582237063852146
1.2533346313543428
1.2566774844776631
1.2583651287251076
1.2501471514720772
1.2542802597144100
1.2499019188357674
1.2466200001446308
1.2593810096534550
1.2456051601549729
1.2539265161267712
1.2470840917456958
1.2470531211575002
1.2480581207551953
1.2535491823416880
1.2449998422533686
1.2544954524851348
1.2525258735953007
1.2468822631350922
1.2557747768127703
1.2501515516441826
1.2491772830896724
1.2458006652785398
1.2528863753624808
1.2500954773967079
1.2515906627872284
1.2493754750450388
1.2576278348427323
1.2467381527809767
1.2563206763008863
1.2569620621347934
1.2539768846470989
1.2483711292046149
1.2483344190507066
1.2547303664367477
1.2562936805618858
1.2576552837261887
1.2546081287421924
1.2536584897358840
1.2516119650021025
1.2438981974791659
1.2501360455287278
1.2540605934800353
1.2516361581548534
1.2562019081656499
1.2567637467777706
1.2555817748373850
1.2561160708585848
1.2526173369841536
1.2553121447858540
1.2572312136010300
1.2558399613032132
1.2530804229815571
1.2514432165182006
1.2508405276240495
1.2498159497243295
1.2515199977256481
1.2537272657833813
1.2487386893691381
1.2524294855806428
1.2514554923729038
1.2511241212625042
1.2531588213662670
1.2555526785701416
1.2559894969349761
1.2483202578938675
1.2535791473590425
1.2530804387718670
1.2575122869829438
1.2472804909322390
1.2552987648289473
1.2529798058398522
1.2541214986582490
1.2566488817425399
1.2530327313646950
1.2541416323627714
1.2552489057407739
1.2520263410083701
1.2571612459807058
1.2570976939688787
1.2551817577329814
1.2603173649530250
1.2512328504220289
1.2519352645910249
1.2603593911405537
1.2566572457983214
1.2456451573011189
1.2516849574846889
1.2523150113552641
1.2600456589270252
1.2491821537649697
1.2576656866618445
1.2535077164733384
1.2565801737968127
1.2523896980803533
1.2520422627660968
1.2557238545284226
1.2534118681837922
1.2498689293102805
1.2505749637624661
1.2505101211872702
1.2584682211508433
1.2562109514243942
1.2512897017154430
1.2461807211459341
1.2529761032997571
1.2538994322595309
1.2562652330084771
1.2506997622000480
1.2528528265816770
1.2545324774984048
1.2535770115517435
1.2489360392060074
1.2530241565079339
1.2519529833803744
1.2585394796606519
1.2558792709991560
1.2517193892330805
1.2493485543006249
1.2551646622361616
1.2572196124631319
1.2568208391978299
1.2555467529919437
1.2475422286492248
1.2573956961671005
1.2490119120115588
1.2528119158397302
1.2572912499222797
1.2543057611735853
1.2618654479864635
1.2581331046378723
1.2488220577373137
1.2467274419829275
1.2572790835460788
1.2547610169132104
1.2573657827249913
1.2534635035134056
1.2555672152640498
1.2575549039218108
1.2534365365268412
1.2472184374967572
1.2565681550723935
1.2552507461806939
1.2546210997907077
1.2568251279530376
1.2533816027975602
1.2524450967755181
1.2543921814191790
1.2536376011463257
1.2531674763321745
1.2533253606534711
1.2581176512709717
1.2526141137864268
1.2501482396008183
1.2537753388417754
1.2511871818700795
1.2526616534712447
1.2494736735407317
1.2469798641536367
1.2497759555212531
1.2558464610248063
1.2621842110913988
1.2517162355805416
1.2577239223609422
1.2487828927542308
1.2558940864940846
1.2494987492156522
1.2521490355749949
1.2614273490879369
1.2483419193926011
1.2578393039234730
1.2605869247324293
1.2498044823717867
1.2620951119028845
1.2549108877413209
1.2543728586046241
1.2545599550917974
1.2563192174288977
1.2540737273554774
1.2576568967517308
1.2513231603403878
1.2542240810718499
1.2516661468885828
1.2514698662310650
1.2540597688584385
1.2610903216203027
1.2529303150759834
1.2546468384472771
1.2491836515541492
1.2510104607522206
1.2540709858721675
1.2572891762101901
1.2515699822921951
1.2522219026098094
1.2472172012924121
1.2604337691361165
1.2517708822085092
1.2582195931824918
1.2582178913348325
1.2510605229552778
1.2495135955175185
1.2540267372578286
1.2541304638142803
1.2520635066938735
1.2525528985961105
1.2487041454424797
1.2486967759552314
1.2560624210916105
1.2543701672332603
1.2559775237213737
1.2531165327813909
1.2492221679781779
1.2527593804644424
1.2546733362031464
1.2547807094563863
1.2518550108984940
1.2584934224572804
1.2438209408367202
1.2534274525350286
1.2476629064090043
1.2586006339577300
1.2546833370576007
1.2521498632232924
1.2550449495691918
1.2537599005736562
1.2537518973484088
1.2549074716443460
1.2521777511699694
1.2553939717833533
1.2516146975611959
1.2585625275848831
1.2561265951288529
1.2619155629274101
1.2577924413820964
1.2528821920183706
1.2521570896332181
1.2547663845443029
1.2549816911496994
1.2544169244292136
1.2431159958652729
1.2631688457214409
1.2554025215606972
1.2534384122804798
1.2481612102173618
1.2580958180691146
1.2532202857599433
1.2541648971458070
1.2523750387072072
1.2463230963869696
1.2510116900262687
1.2515103621385091
1.2538538570465103
1.2567306991043992
1.2563801417174969
1.2518096071349836
1.2524281905152110
1.2507262549883436
1.2472423964689847
1.2543125992937885
1.2539495899149711
1.2518893857102331
1.2558101663226116
1.2480863379859406
1.2550376390135032
1.2571056967320728
1.2550437256976763
1.2539850070485872
1.2541207140056680
1.2514219392634354
1.2551128148068307
1.2558219452392951
1.2522899501100315
1.2560220717338271
1.2492841213459556
1.2517638344047739
1.2539068187972680
1.2519540779699545
1.2570245771917312
