-1.6702626438139445
-1.6689378759019984
-1.6692606716460072
-1.6697608822963839
-1.6665606898730472
-1.6667788740174407
-1.6682438612635626
-1.6690800847602447
-1.6658596734042386
-1.6672925480302805
-1.6685073925833696
-1.6659168156012525
-1.6644008227604956
-1.6681280661762470
-1.6668104331207483
-1.6668377086362691
-1.6677059462457127
-1.6683713281261587
-1.6681735422739932
-1.6672272821963121
-1.6670592260313351
-1.6687568001438589
-1.6690250589808651
-1.6657338588509627
-1.6685524690944054
-1.6679748544834081
-1.6693462950787239
-1.6674771224616445
-1.6663150550340251
-1.6661706971068335
-1.6687692750905141
-1.6692407163435292
-1.6684663878677781
-1.6667664719269208
-1.6670481249905238
-1.6695382663296625
-1.6676444884499939
-1.6661184292421600
-1.6678537441385157
-1.6666078195994318
-1.6649612609591722
-1.6643502175888951
-1.6670947867498056
-1.6706369775443077
-1.6685359672267255
-1.6707176909323680
-1.6677902898442933
-1.6706471990014042
-1.6685223702510359
-1.6669830712355962
-1.6700569325514272
-1.6659516487795969
-1.6677627457892941
-1.6646432533544162
-1.6658070799431939
-1.6700186037973590
-1.6682426668107437
-1.6681377498630570
-1.6681823200571400
-1.6681064285322980
-1.6674139660902680
-1.6682384770716905
-1.6679589766097167
-1.6658852043326471
-1.6683199769407322
-1.6703945083858256
-1.6674157123801421
-1.6701717464778656
-1.6697782813387518
-1.6667039021214867
-1.6714542950556330
-1.6678733030461099
-1.6702559020677414
-1.6691235953101238
-1.6667019747592628
-1.6680232821073899
-1.6669528935796423
-1.6674576404049175
-1.6674296260787234
-1.6682352146689392
-1.6685773820547607
-1.6686292618629306
-1.6676567210728597
-1.6644290636607393
-1.6684541376510009
-1.6694007205814470
-1.6682155141299977
-1.6676154466360371
-1.6713030952553920
-1.6689169814144766
-1.6698886672907838
-1.6687751994980435
-1.6684777547973260
-1.6694664728130961
-1.6707516090910670
-1.6671593166084004
-1.6683053240769912
-1.6670996042288815
-1.6685312310296556
-1.6681793904786459
-1.6678094428306780
-1.6683161444907015
-1.6656696676685827
-1.6697974677529717
-1.6695830738970034
-1.6682565649160273
-1.6721106418253309
-1.6668357539813075
-1.6690684871922157
-1.6683746053461974
-1.6671961052279614
-1.6671692613782858
-1.6684125277682309
-1.6683337642242515
-1.6689689259394871
-1.6674934376028656
-1.6722114833663264
-1.6658671559095919
-1.6657131625374761
-1.6665666412649247
-1.6660352315351727
-1.6672768274056216
-1.6682085795615278
-1.6660625325507705
-1.6667735100158265
-1.6662137619972663
-1.6694520220837761
-1.6705384930914309
-1.6705089563154274
-1.6714994208604563
-1.6714994208604563
-1.6686928407346491
-1.6670933767754224
-1.6669909003256171
-1.6665528227731654
-1.6673816584907906
-1.6673292465085836
-1.6670854056190163
-1.6666151348724119
-1.6687701997415998
-1.6709173724700426
-1.6671901338332464
-1.6690259446373343
-1.6663970127206948
-1.6662682402240716
-1.6666904206923316
-1.6658845171736076
-1.6660910087758969
-1.6690055294836474
-1.6673501951519094
-1.6691791214751150
-1.6678853738303654
-1.6692351732267718
-1.6685173701552998
-1.6696036828643488
-1.6665911876080466
-1.6685626579998853
-1.6675709790791569
-1.6689781306736213
-1.6668361036840633
-1.6679483874778929
-1.6673657092311966
-1.6720847475797787
-1.6714920068949697
-1.6688060982077351
-1.6677806820893006
-1.6691709767396019
-1.6670977418769086
-1.6679210539581992
-1.6695410368568961
-1.6681742265720425
-1.6672758071956708
-1.6665786735316781
-1.6688754098324281
-1.6676158984104827
-1.6690998722682209
-1.6726389659392769
-1.6660653522397959
-1.6660025448810893
-1.6687071708166570
-1.6692044055597477
-1.6696025852872258
-1.6680671300733667
-1.6688231740072654
-1.6653001589747463
-1.6685543438378596
-1.6689323165174812
-1.6656336955084374
-1.6690357274271577
-1.6683573018403310
-1.6687883873792373
-1.6683648032828782
-1.6685903222111622
-1.6711291638330332
-1.6659213844820651
-1.6712315101455719
-1.6677691642666375
-1.6668150101505697
-1.6677079571852984
-1.6662056518712203
-1.6686847837906131
-1.6672272702078983
-1.6675407616605418
-1.6681096148349392
-1.6677212149653249
-1.6686113757489163
-1.6678828846672100
-1.6683568836463318
-1.6696704335458266
-1.6659662033070088
-1.6699044182611342
-1.6699825637429870
-1.6695045149288219
-1.6673999217965805
-1.6687714131950830
-1.6674935578718901
-1.6663587642180175
-1.6672202184983704
-1.6682407244346937
-1.6695259993963982
-1.6674704127398048
-1.6683919162914864
-1.6695803971130350
-1.6690485570024638
-1.6677248803642550
-1.6685509985203022
-1.6676238575334184
-1.6687197299401177
-1.6703219252365362
-1.6676505681061728
-1.6668775604737620
-1.6677953001561974
-1.6682371784255954
-1.6667605531441296
-1.6679066587913327
-1.6675382833283108
-1.6685818337852294
-1.6641211545564962
-1.6684942157665905
-1.6665797983091808
-1.6692698772706327
-1.6680794629854849
-1.6668989779657648
-1.6704092069000294
-1.6701447370636189
-1.6681969283867351
-1.6666868033434838
-1.6673640632007281
-1.6694663934299483
-1.6670821688790891
-1.6696390517589490
-1.6675106101997039
-1.6706588423715669
-1.6700935638886738
-1.6694351463448713
-1.6681344400138660
-1.6684456978799589
-1.6663453811088222
-1.6675843275283389
-1.6688980995040656
-1.6689803775269620
-1.6666758156029640
-1.6685776592222235
-1.6705241438623628
-1.6683709989432371
-1.6673928796121973
-1.6712250839633511
-1.6679496214465932
-1.6660075963862027
-1.6673145204840067
-1.6686212794756865
-1.6685684032227299
-1.6677751590756658
-1.6682094406609433
-1.6699879958358670
-1.6696270369805299
-1.6680605486969224
-1.6669406991068767
-1.6661962638443120
-1.6669741874191197
-1.6700638576330975
-1.6665220687309967
-1.6663248782994258
-1.6682833513397515
-1.6658243050545301
-1.6669503360933600
-1.6656628090010475
-1.6688957920165601
-1.6708432340827630
-1.6678457226086219
-1.6690164917054968
-1.6693257530814298
-1.6679537577149415
-1.6702333740639403
-1.6700001018381667
-1.6667425019819506
-1.6685355709653780
-1.6703745749256940
-1.6669545299246551
-1.6691463587607602
-1.6685822961816530
-1.6686234397135136
-1.6687043833028927
-1.6697686021964637
-1.6663262311213716
-1.6715006057876536
-1.6696683134725285
-1.6679190977745468
-1.6689609169741515
-1.6661020499355230
-1.6673024074659433
-1.6683513905406098
-1.6683091035548245
-1.6682559125425884
-1.6693916787343697
-1.6717153708820929
-1.6687603817942096
-1.6670984621677629
-1.6662319664060175
-1.6682280646311414
-1.6673817263166741
-1.6687447994968219
-1.6688846151838608
-1.6671602612163585
-1.6696757617853817
-1.6688118489528259
-1.6693586867123360
-1.6666018752641110
-1.6673516238838539
-1.6695158430694037
-1.6673796224835338
-1.6680390948998691
-1.6659027922094007
-1.6661901135287536
-1.6668317496281309
-1.6679260774820805
-1.6662272864649910
-1.6688450666722190
-1.6693451498779421
-1.6652237021975753
-1.6679572024332070
-1.6685518892545157
-1.6695671451331249
-1.6676909594263736
-1.6682981054263375
-1.6681866329430999
-1.6678306719473417
-1.6663520592255063
-1.6689667065870422
-1.6679062390771162
-1.6685117572053070
-1.6654200554750229
-1.6674132374940618
-1.6691296488393366
-1.6685826191840849
-1.6658237082666887
-1.6692004799791784
-1.6681283361330046
-1.6674814477032558
-1.6663220415637401
-1.6667694978083314
-1.6674277163082636
-1.6684843049328066
-1.6687006970911502
-1.6686940338622960
-1.6685332601751131
-1.6678293428259583
-1.6686450074297665
-1.6680882328216340
-1.6655297199150405
-1.6687936701242048
-1.6676356870110798
-1.6674468447384294
-1.6681648077247995
-1.6697199824468838
-1.6655611557072409
-1.6690055302114188
-1.6686885566703689
-1.6678803737406851
-1.6685954295246834
-1.6650145997141945
-1.6660342338315897
-1.6691112810089366
-1.6683858531429223
-1.6660736941249905
-1.6666883147325302
-1.6696255032452756
-1.6677913584771145
-1.6690483820289175
-1.6687735907330083
-1.6681488835511966
-1.6661990560407662
-1.6679220963420196
-1.6660610355719614
-1.6702490897412503
-1.6668375470594550
-1.6679269294230603
-1.6692023067024937
-1.6683499264980530
-1.6668805225894443
-1.6678312874616639
-1.6675380255534213
-1.6672141379113101
-1.6666434240854171
-1.6688007282629929
-1.6687357548841317
-1.6679795045561898
-1.6669878270987861
-1.6701461676813179
-1.6663625930801973
-1.6690063101375399
-1.6675482699055026
-1.6692200815847988
-1.6694504205526397
-1.6706683805189444
-1.6693418063565502
-1.6698378547576209
-1.6689856115408592
-1.6651890156998350
-1.6660701712169046
-1.6704882774609613
-1.6677499363685835
-1.6659625771502107
-1.6667818564125128
-1.6684103566110624
-1.6681217664435863
-1.6698979379728340
-1.6689195806565025
-1.6672575868507207
-1.6692765875015387
-1.6682521151123466
-1.6667857417599208
-1.6656579306314467
-1.6683673534821568
-1.6679916463760207
-1.6709128597588394
-1.6680860095782761
-1.6684744626845673
-1.6689296976301609
-1.6673579929516249
-1.6683850185926650
-1.6678410113383579
-1.6688060149353079
-1.6649578724656271
-1.6682318438320833
-1.6679560873972152
-1.6693994337440885
-1.6649564633194331
-1.6671375189476392
-1.6687974961586551
-1.6671175633700170
-1.6677741098211145
-1.6692421344590178
-1.6689513737896164
-1.6679611363006062
-1.6691097120304150
-1.6682865745720146
-1.6662233871308116
-1.6680392610960155
-1.6688201456229848
-1.6687196172272034
-1.6683696046267331
-1.6676645802758487
-1.6695066664081977
-1.6685765611563852
-1.6669968209872823
-1.6674589346441504
-1.6684079472748035
-1.6695580893614892
-1.6661754514585185
-1.6697849412498844
-1.6690148701881102
-1.6690921072667588
-1.6687662506117205
-1.6697763708432940
-1.6684566210858991
-1.6664009582744990
-1.6661628397490682
-1.6662898990156332
-1.6672948492308204
-1.6665382165961322
-1.6668479145895214
-1.6675142141208008
-1.6679041043992322
-1.6683155017170122
-1.6681255167084712
-1.6682318174109900
-1.6683997786508127
-1.6680671840655350
-1.6675152404358191
-1.6671513259439525
-1.6646768014853135
-1.6710142334213545
-1.6683364387044590
-1.6669753861800904
-1.6680862360135573
-1.6685443440018208
-1.6694386270780799
-1.6681686480228706
-1.6679028978291743
