-1.3703785956802828
-1.3762717070879615
-1.3681988409694010
-1.3685227428883919
-1.3673057369126225
-1.3718820088645278
-1.3656940754304046
-1.3697481551323367
-1.3660905762785649
-1.3707082613968717
-1.3636269449662006
-1.3693374764460187
-1.3692305672603384
-1.3633791128730377
-1.3651487879567039
-1.3659765797046435
-1.3695238564624492
-1.3694499028927078
-1.3736131759822239
-1.3704647261926877
-1.3676094981779472
-1.3689104583960388
-1.3705104371278485
-1.3658122333887746
-1.3650095134340194
-1.3677876744656405
-1.3688324085386010
-1.3657344311801747
-1.3697515547312054
-1.3743693942905872
-1.3713124076270105
-1.3742219267100777
-1.3699892240910585
-1.3686971850104372
-1.3688170730681162
-1.3689492195714901
-1.3646535968913396
-1.3656755681793438
-1.3666060733696117
-1.3676296440702973
-1.3708342421625062
-1.3687119913085544
-1.3634166638775835
-1.3672596543157216
-1.3648879017668687
-1.3705497029169382
-1.3669201940042115
-1.3671086022202312
-1.3694346647552929
-1.3693189741438312
-1.3679198017531957
-1.3724358154739900
-1.3668547015450203
-1.3672009153026490
-1.3696486132273042
-1.3666562569001710
-1.3693118557777160
-1.3729235259385399
-1.3650896966055950
-1.3715865487534560
-1.3726964694098429
-1.3696919450046432
-1.3688573815540512
-1.3638702123122788
-1.3700179957981589
-1.3664931057777991
-1.3715918135629341
-1.3698753258389820
-1.3711108099779383
-1.3722060043246909
-1.3715211760838388
-1.3668069606140645
-1.3725797208684933
-1.3708436743248973
-1.3687734845327628
-1.3665007505982005
-1.3710351786316712
-1.3704140386054404
-1.3677053909428889
-1.3785417844534644
-1.3675578645085718
-1.3631465168998587
-1.3666551690816136
-1.3661019212117305
-1.3725585909707381
-1.3701368653709269
-1.3648590544434385
-1.3656027992283792
-1.3694552803341351
-1.3683649911471216
-1.3687316814769110
-1.3694754836345038
-1.3703639211303000
-1.3733704507769151
-1.3695687206612066
-1.3711763845307918
-1.3692089804768657
-1.3659493831602376
-1.3683679369001840
-1.3678455336957895
-1.3664724369332930
-1.3677628537649766
-1.3669843212114576
-1.3718826057353377
-1.3668292730352847
-1.3693622701222319
-1.3654752101350860
-1.3685799446509763
-1.3717765970614197
-1.3693564303649222
-1.3756912433954909
-1.3682259594018902
-1.3641211528892170
-1.3684476286415701
-1.3642363449522237
-1.3682017017719141
-1.3685297121475499
-1.3661399547824569
-1.3674253455438403
-1.3665430679960455
-1.3681704537689237
-1.3713048953846416
-1.3687631898363659
-1.3704305143041036
-1.3705500862328972
-1.3695367696982867
-1.3706621138956077
-1.3722256256194691
-1.3730238683277449
-1.3691290607590654
-1.3723116370384356
-1.3655187856855957
-1.3737726426914407
-1.3617042445616452
-1.3653295874729763
-1.3665928152446165
-1.3703270918161450
-1.3700690258331421
-1.3737759214467189
-1.3687155461249452
-1.3699752592967707
-1.3649282408766870
-1.3722406251361041
-1.3657130693611987
-1.3688350248247192
-1.3667310517316396
-1.3737603335047390
-1.3646111798886460
-1.3660897788108508
-1.3598842318948650
-1.3734152450205632
-1.3668538790785207
-1.3712009780634473
-1.3644885556728046
-1.3675545694477025
-1.3702280638309519
-1.3670042292238871
-1.3697650931744667
-1.3682835518720904
-1.3685038786082675
-1.3614572143504360
-1.3609932865492287
-1.3714268676947043
-1.3651785854341152
-1.3685103495866031
-1.3678908600541266
-1.3677294295090772
-1.3692473267354155
-1.3692066089643977
-1.3718298743656294
-1.3690476016968915
-1.3684875785301440
-1.3711910692660194
-1.3704377746941812
-1.3673876195525234
-1.3687549051574532
-1.3687046409246657
-1.3655607617809724
-1.3652828004046729
-1.3657175643808961
-1.3693469091349031
-1.3699994842644696
-1.3703437799501681
-1.3656400456493312
-1.3674625106976299
-1.3689635661743438
-1.3652789170034256
-1.3649206854376958
-1.3652460578196053
-1.3657083259360860
-1.3666520642065931
-1.3721698731967524
-1.3684494970033527
-1.3675794127339089
-1.3680880549156638
-1.3659014956175297
-1.3676888845547150
-1.3694337052326060
-1.3651302595313639
-1.3638731676557141
-1.3669780504618383
-1.3678186531891030
-1.3690519527292320
-1.3703742790265581
-1.3666093110588113
-1.3738248092731926
-1.3723389032408764
-1.3669520894388651
-1.3661705080873006
-1.3733401169328374
-1.3694998243337051
-1.3730572318093368
-1.3651885856478456
-1.3705232069203692
-1.3720969173513466
-1.3676003253906170
-1.3757489834810115
-1.3678220490767901
-1.3653847160868859
-1.3631838026288723
-1.3641650577227362
-1.3668401854364727
-1.3705646189217617
-1.3669394813152829
-1.3694158253238966
-1.3645044513058582
-1.3628306700171964
-1.3690176189142684
-1.3655559656814642
-1.3672062412166015
-1.3682991371273343
-1.3651677294240658
-1.3646961488859757
-1.3673626609637450
-1.3720470230882345
-1.3664535604577599
-1.3692301778417013
-1.3731376713776742
-1.3671815993313059
-1.3676064510105275
-1.3664883059722339
-1.3684819514446420
-1.3667159689805888
-1.3702929504496202
-1.3689870687669048
-1.3670230693957233
-1.3657284583869682
-1.3708304890694032
-1.3689793193050901
-1.3668309327373309
-1.3683164158938059
-1.3667387570714551
-1.3737119436241116
-1.3726841669661223
-1.3696791804834350
-1.3692195831878220
-1.3695754448368898
-1.3627045292133868
-1.3712409659691616
-1.3668577326348639
-1.3751416608498008
-1.3693464604006906
-1.3720680939208365
-1.3672287692634499
-1.3702311721985210
-1.3722992422113323
-1.3693997666016813
-1.3695877032870465
-1.3622134726664512
-1.3698270409354307
-1.3656829623495246
-1.3694504150370577
-1.3676717159264227
-1.3695799441861225
-1.3699676593047068
-1.3735290386787979
-1.3706557946033471
-1.3643750397973688
-1.3706763306422673
-1.3711674286110496
-1.3688594532378586
-1.3693007960096255
-1.3715665609827359
-1.3675437673838362
-1.3701831660247785
-1.3661729181693745
-1.3683789118791818
-1.3702130093491789
-1.3727712762552204
-1.3612051809289982
-1.3666982632091362
-1.3685253529033863
-1.3681988809273191
-1.3705698928022072
-1.3695877769779037
-1.3697493113453456
-1.3658357938412313
-1.3665843813145160
-1.3697359149349306
-1.3723101980452828
-1.3707049288128690
-1.3684483288728062
-1.3693135956153415
-1.3679623564162582
-1.3690192315623255
-1.3681592606512571
-1.3656337298999672
-1.3694606382869035
-1.3714683355510804
-1.3662989640944190
-1.3704118672827132
-1.3674870728888238
-1.3679870669721625
-1.3695458072290005
-1.3732653327794675
-1.3669621561379255
-1.3668118854083071
-1.3671554255007292
-1.3674267562227498
-1.3705317136209898
-1.3695303093681248
-1.3717143473367017
-1.3636750044443988
-1.3666436970821423
-1.3682694803573869
-1.3652769463086132
-1.3685373059503019
-1.3688894746058675
-1.3671344296667924
-1.3667435711422284
-1.3726191504271759
-1.3705885996724561
-1.3690850110653929
-1.3654608928308747
-1.3673698541576373
-1.3698540147225833
-1.3675327301975277
-1.3760963730894635
-1.3670156801467779
-1.3677147900643132
-1.3678664915340544
-1.3651197646759003
-1.3676147742466975
-1.3653255283751398
-1.3687174638032331
-1.3722242531772832
-1.3736372617010935
-1.3678923003635040
-1.3686047279629281
-1.3648182006496650
-1.3672270384877796
-1.3679601200763789
-1.3672982774406808
-1.3667694051867874
-1.3648779264048267
-1.3678592433889389
-1.3670245731260389
-1.3654221596247216
-1.3665048747513922
-1.3670028040477471
-1.3662222132082382
-1.3684959133867252
-1.3700802759868542
-1.3726872030796717
-1.3661386850842883
-1.3722976027787450
-1.3677474219574766
-1.3714160119451999
-1.3704512153090376
-1.3681769903617473
-1.3654132820754759
-1.3735650430380231
-1.3696284039655966
-1.3666424468916860
-1.3610395558688468
-1.3697458477360551
-1.3671148851776549
-1.3671664155851628
-1.3650326586391832
-1.3681739191971085
-1.3670855355367888
-1.3665678376344668
-1.3689066199662623
-1.3650308288273172
-1.3625545656091238
-1.3707612897182118
-1.3673936292681492
-1.3666544000208607
-1.3728948109748034
-1.3718688610793617
-1.3676143135447105
-1.3702998583395629
-1.3713252679493413
-1.3646231510174391
-1.3706962387922217
-1.3678580121800865
-1.3708451851728038
-1.3666649686328838
-1.3706785401157608
-1.3668359514233988
-1.3682501890825454
-1.3713496777178062
-1.3700269779847318
-1.3676089101165516
-1.3655004778876034
-1.3699043942495697
-1.3669666172687427
-1.3690689379994156
-1.3713279725900269
-1.3639336057352651
-1.3684580666407127
-1.3737131848394266
-1.3694504031272474
-1.3687020167083888
-1.3648341469838481
-1.3655031331776637
-1.3720658260110736
-1.3713474786409274
-1.3689877426600034
-1.3637478148509101
-1.3719298652384719
-1.3677474185365457
-1.3687315375352400
-1.3684266915573251
-1.3684993463385278
-1.3667713316039796
-1.3716992408853921
-1.3700063917787315
-1.3724638522380517
-1.3718001301728091
-1.3703176659047456
-1.3606198337505970
-1.3655932260178734
-1.3696191339958068
-1.3675936700048108
-1.3672451076022345
-1.3683474180801896
-1.3666382594554134
-1.3690415695354772
-1.3670288637169392
-1.3685906694025336
-1.3660824338444326
-1.3710683012517373
-1.3678783762241724
-1.3694057490954719
-1.3666846095397334
-1.3692836534066051
-1.3682380894237289
-1.3658089753988638
-1.3724371989775197
-1.3698840618551722
-1.3637708067426288
-1.3680163928085329
-1.3679217164969171
-1.3686523469648377
-1.3695507940617944
-1.3666388996216321
-1.3724465711276663
-1.3683319273169638
-1.3687958976878403
-1.3685142455938364
-1.3695563400466071
-1.3643250488722698
-1.3681528215472862
-1.3646370883324561
-1.3661162096457975
-1.3708932250182873
-1.3661045361096784
-1.3696227143647060
-1.3730008950476118
-1.3682604020785842
-1.3626377753964993
-1.3706594990165815
-1.3727392756092038
-1.3701487800731385
-1.3706111883738770
-1.3634711656383549
-1.3697190184282082
-1.3697161168793199
-1.3660340741162087
-1.3683177801096424
-1.3692669528865591
-1.3663036034092741
-1.3689312963238962
-1.3616827875750193
-1.3669927804673199
-1.3698026326071604
-1.3687463692855564
-1.3708840127078947
-1.3665903507827277
-1.3681012182164676
-1.3654067225230238
-1.3714905472259313
-1.3664474132575730
-1.3710847924461802
-1.3677951812825437
-1.3695679094681810
-1.3679625877364716
-1.3678071693001712
-1.3692126430487050
