1.3711543167099791
1.3726662281225983
1.3664019529623654
1.3682325478506376
1.3699714762570894
1.3654161010990113
1.3667454141199868
1.3665791042615680
1.3725062134836310
1.3664512324555684
1.3664558141925380
1.3650938210788175
1.3711178928166821
1.3708664929260048
1.3692632974997858
1.3647780859524312
1.3707248758980313
1.3651247204360268
1.3717011849825462
1.3662587012830525
1.3718574098097234
1.3667080718138958
1.3663735216179325
1.3694983232903384
1.3644141712133890
1.3671653112819921
1.3676366802886690
1.3690675484196784
1.3701176238505948
1.3726949760806406
1.3722521957651164
1.3706892435162046
1.3662887540387119
1.3739179191216409
1.3680356456799894
1.3670929526210018
1.3637605365269225
1.3672849293311158
1.3707283951474640
1.3662241096279180
1.3683843965746836
1.3709300043090549
1.3664999099635768
1.3690624554477109
1.3692989870663395
1.3616619748891077
1.3633107243800549
1.3697951684639824
1.3680754370055666
1.3712445603835572
1.3689599635026795
1.3618830077643154
1.3648940050954863
1.3702922695482525
1.3680504674887131
1.3667364197158887
1.3723259387564264
1.3692937968915453
1.3709928319096620
1.3710883845833224
1.3684011559587332
1.3691257193089115
1.3708737895600047
1.3661032600765026
1.3723408070048422
1.3700793133265139
1.3722634235539477
1.3708644131702326
1.3674609909368813
1.3684760501244904
1.3692912196390836
1.3692937757763473
1.3699488350967575
1.3666240525924689
1.3700725434284466
1.3717022317126049
1.3716120423861315
1.3627960832407358
1.3710348884401991
1.3708064161945355
1.3691729615080419
1.3710071715085348
1.3693010735472007
1.3701209922664004
1.3706159544682051
1.3675121637885983
1.3641580880870972
1.3711636468353765
1.3668762980330871
1.3643766673124698
1.3708024359108479
1.3685385015740141
1.3662765254301665
1.3676835745407530
1.3643407900645128
1.3701941123050365
1.3672667338136730
1.3651053380882874
1.3679563627832352
1.3689371340075607
1.3707505344202184
1.3704983354438272
1.3687953640181147
1.3684418021029865
1.3677746638659007
1.3689664617374595
1.3706701986507663
1.3681527595942851
1.3695366567508562
1.3692893657141478
1.3703133511610839
1.3705396502561951
1.3692060056892916
1.3734426337415211
1.3682140477529519
1.3694877963161887
1.3694692400447623
1.3685856053401078
1.3668158817690044
1.3708500026113730
1.3683240684347504
1.3705200643996465
1.3692809138938860
1.3688566994211546
1.3738167906585266
1.3648606110305408
1.3724912983359328
1.3715289478279511
1.3675243608903496
1.3693912133513269
1.3703903379378299
1.3683729435255012
1.3683991437170155
1.3713983610492617
1.3677028224436474
1.3717613640385073
1.3669906353067087
1.3708244675617982
1.3655627136626849
1.3707151161282705
1.3697722480616563
1.3705737330633778
1.3678386564051968
1.3684346542443111
1.3670136272431221
1.3718014956266495
1.3704390043998924
1.3711293127850179
1.3673809880664944
1.3760002805878100
1.3709517964334128
1.3655741771324790
1.3664721803446491
1.3696882799395600
1.3705845895126227
1.3689315584810464
1.3667592298844964
1.3695965231070826
1.3722199965427773
1.3688027161711502
1.3690804170342816
1.3682617594777837
1.3687238269963313
1.3681252591972195
1.3702275181076369
1.3713412918390457
1.3682624266090262
1.3657867865182465
1.3707348715958576
1.3694510466171319
1.3703354984794118
1.3686815591221162
1.3713038945061433
1.3668416178189529
1.3693047858882634
1.3689701804333581
1.3694919749105465
1.3647951762800330
1.3694244693475162
1.3714160277547318
1.3633695395684693
1.3624793954534951
1.3667072514552190
1.3758180555582664
1.3641935739694251
1.3677731248745471
1.3684431944119453
1.3689675631282443
1.3698978108186319
1.3632991153751362
1.3689400223420951
1.3653987076693677
1.3706303150153960
1.3680625810580347
1.3675309469807468
1.3661263862041333
1.3673951399813564
1.3652558344710006
1.3660157081466702
1.3667695658190095
1.3661673374354484
1.3676775728232480
1.3646353873316794
1.3723977428417389
1.3703124271385059
1.3700351750163935
1.3669110041952379
1.3623120520661738
1.3708470379205382
1.3720159745688629
1.3721583906699821
1.3699422989676491
1.3700041739407693
1.3740585689462601
1.3745608072249869
1.3664873505428170
1.3699670888548940
1.3703757065548898
1.3695459119600142
1.3704889166408742
1.3719793240090450
1.3679311083292358
1.3687528712346175
1.3698608499629454
1.3668020696038681
1.3653343943514120
1.3699726722032968
1.3666014148906920
1.3631575412471664
1.3679666252786769
1.3617999227649595
1.3711216475060928
1.3655597236718382
1.3690139469262976
1.3670645602120379
1.3682244605157989
1.3631545843593327
1.3636624365329832
1.3666483154730260
1.3686637369620263
1.3688229142311965
1.3720471448585074
1.3762557451622195
1.3702261735318790
1.3703079880032856
1.3734408893156493
1.3717723995866313
1.3620767910524458
1.3695931014182110
1.3715736803802530
1.3677065267827930
1.3654103929203325
1.3678635663569605
1.3674208943055586
1.3669962816113199
1.3718868278122713
1.3717572933004403
1.3637146260833981
1.3696164181081660
1.3734620626170884
1.3638653551536779
1.3662170951586456
1.3682109963457250
1.3702720201187830
1.3732939138217131
1.3676194120245870
1.3636253317488523
1.3700887768219416
1.3685717791803040
1.3708792197990871
1.3699003403244934
1.3721878446562110
1.3639551479829823
1.3707703509034705
1.3711366140055090
1.3704765123053657
1.3712923438848121
1.3692331227349674
1.3713031308679799
1.3671976808968533
1.3692542824902991
1.3694456270295161
1.3708075177898122
1.3687174829035902
1.3713295856475451
1.3731966803115683
1.3711268569815029
1.3687004052337612
1.3677907101519851
1.3622147344258508
1.3696685224265326
1.3715330730711461
1.3711028076220297
1.3698859462876580
1.3688137578314652
1.3683515651622913
1.3688131290264351
1.3705216994639402
1.3762539365157269
1.3740572774482442
1.3679298822364916
1.3736004467571461
1.3696538796221771
1.3712446664605620
1.3661767490595254
1.3691565607929699
1.3716678500035018
1.3787839049197197
1.3694656101080651
1.3726452954064792
1.3714261022832557
1.3656143359704813
1.3668253739486926
1.3701241532798862
1.3693925522116881
1.3657069180762018
1.3707456513121725
1.3684593585389369
1.3676434116377825
1.3658690503925566
1.3676560967554812
1.3677512265859564
1.3697683280465329
1.3677997305812548
1.3682227407320833
1.3690166111951809
1.3725819737507925
1.3675561995734777
1.3653128242109303
1.3680552423934496
1.3688552374588236
1.3652016777989817
1.3684548395273550
1.3708729519836969
1.3695175424169472
1.3649909123913393
1.3650301313858220
1.3633527384769466
1.3668025467582821
1.3663956811386999
1.3683193479795035
1.3690731564253682
1.3674062801367117
1.3632607591063022
1.3683548200580204
1.3691116172458238
1.3676790702144928
1.3699756313623936
1.3677836704447874
1.3653159974651485
1.3716632163161770
1.3625513667560423
1.3700679166671421
1.3679814820855141
1.3676844521729916
1.3666819024719121
1.3662200508206406
1.3736346897349927
1.3720333348636118
1.3721860633828296
1.3651648517303820
1.3693500808922243
1.3685879378161172
1.3656203450374176
1.3722813162230096
1.3654346063590381
1.3711311557515340
1.3715871167599629
1.3645866795984007
1.3671984144999727
1.3717962796220891
1.3652615536810571
1.3671510033924439
1.3676766153332094
1.3637616233696703
1.3705099685572653
1.3714614587009197
1.3659732947911172
1.3752702708437043
1.3705948184365708
1.3760719088351365
1.3663898355312616
1.3626580778624375
1.3677429808878021
1.3676623351129409
1.3667176470209197
1.3693023475934762
1.3674329475327820
1.3649793731893172
1.3695394109421273
1.3698443214539617
1.3706543470640271
1.3685638856854636
1.3731713951343556
1.3730555809931320
1.3721854515645002
1.3663061406656878
1.3720332103797470
1.3691780776438391
1.3687841645886127
1.3682189776696791
1.3655647351272637
1.3718800626195440
1.3612437467042886
1.3686979912994883
1.3692783448850010
1.3680898847950214
1.3712892520330966
1.3698489142775956
1.3677760542012292
1.3665170105348043
1.3664004161736150
1.3659494152770992
1.3690260717749396
1.3677926633541033
1.3706095918602952
1.3689257672231916
1.3677928470305676
1.3703722902489579
1.3683492256788472
1.3698796232224226
1.3713270619848443
1.3647963614789462
1.3675436004279726
1.3712988383924614
1.3661024172966179
1.3665848455924077
1.3717935432872825
1.3679344186122724
1.3661421199228216
1.3691941447760354
1.3700773339029875
1.3707241859247057
1.3715390848971265
1.3720552889237170
1.3683181743818509
1.3623548881803560
1.3631342000166864
1.3683817741168567
1.3676350240744144
1.3704964739402443
1.3667107538699739
1.3717392696350557
1.3698948072023114
1.3688454911492789
1.3644162740561259
1.3682776223978523
1.3692982379745740
1.3711442599281143
1.3676711104461037
1.3718634759524893
1.3712834012755399
1.3670809559375219
1.3663589087737780
1.3712070931900171
1.3711268360241642
1.3679810605845044
1.3670015065691816
1.3698659747507664
1.3677842818567729
1.3710604156181616
1.3710746502891089
1.3706377351582317
1.3655069406815612
1.3663522858477033
1.3686396771457987
1.3700932199922999
1.3646083764288550
1.3653829449712820
1.3667006948222318
1.3670916808114355
1.3690580488360151
1.3682587566386115
1.3683868375004924
1.3663976648526959
1.3688014822654608
1.3637862610638436
1.3652190847021326
1.3663575911363879
1.3718963107378757
1.3724516163135052
1.3699189829937850
1.3685161345697570
1.3685306992793036
1.3684902782136286
1.3654343632745818
1.3694523479919174
1.3703135162670026
1.3754051089097972
1.3700823513372287
1.3709031532015925
1.3719410152369838
1.3666311322576026
1.3672818926352606
1.3694702045155607
1.3697298498805515
1.3674601428983328
1.3713486477526746
1.3746678092940388
1.3726616479183700
