1.6675107877448354
1.6687489838631322
1.6681649750970731
1.6692191202204687
1.6694990389521240
1.6703169382362157
1.6653596612343209
1.6676132694881143
1.6688719577923803
1.6687545381355573
1.6693072840641237
1.6690411106187542
1.6686778691431476
1.6696283134270944
1.6683621929095287
1.6672888024341554
1.6697256237766938
1.6684210390235421
1.6657109283293055
1.6651262468678423
1.6708838931296768
1.6699933422895130
1.6685787246932366
1.6664690327190896
1.6668809884839670
1.6686309472760796
1.6710351796137115
1.6677024919079704
1.6682617730185598
1.6680931374594750
1.6679066928372970
1.6683859554048284
1.6664068220507451
1.6664741849963483
1.6705799713446514
1.6699107639108859
1.6692221607318440
1.6681594508789539
1.6676807911425027
1.6664316937458949
1.6668389764781435
1.6700303397897438
1.6692136604536534
1.6662448037237607
1.6683526183658965
1.6686876067436474
1.6687125085753740
1.6667558597960337
1.6686386068334782
1.6686978814871127
1.6696758984598059
1.6710112510736495
1.6685673604513984
1.6682927607023339
1.6659575660730259
1.6660955208524209
1.6672494892699607
1.6699249343445663
1.6653852983749067
1.6665063521892223
1.6673948900200546
1.6697611418608866
1.6662938189957170
1.6679050195428688
1.6681858537340761
1.6689308101709661
1.6706874546946713
1.6696229131324007
1.6693383427755630
1.6687927822687838
1.6649703271477605
1.6680876282967081
1.6657186367576950
1.6659034077024673
1.6673181130895476
1.6686204729584018
1.6700111137652927
1.6677686133265164
1.6670701891968724
1.6688731638174590
1.6671706848011127
1.6694860118795594
1.6674447419309795
1.6686050894758562
1.6669795587407630
1.6677791170547385
1.6705659869625007
1.6673989741776307
1.6679268724505956
1.6653098148037262
1.6678319915436350
1.6688565466851544
1.6663552884165709
1.6674912276870688
1.6687384546886903
1.6671262085276877
1.6684180777412565
1.6690495244816279
1.6677099415333057
1.6656985468347718
1.6672181131197987
1.6698322116185025
1.6688121083121843
1.6667294578635472
1.6644635612714387
1.6661186137973103
1.6676419640271933
1.6673405728694168
1.6695278977056758
1.6695278977056758
1.6682175933795251
1.6663057153003527
1.6696502661413408
1.6692576829255432
1.6669602087212243
1.6700997462011526
1.6675513474312942
1.6691009285078560
1.6681761441081784
1.6692811680274036
1.6692811680274036
1.6668869324446527
1.6689814770775344
1.6696086201818210
1.6684354379350277
1.6668706997339175
1.6680137258544763
1.6687129925382702
1.6682899801184041
1.6705021711969095
1.6678787431701887
1.6664244157187846
1.6682810904511132
1.6681525160232991
1.6664831316649729
1.6689396848446032
1.6689541027070898
1.6681014808577481
1.6694863046376538
1.6678673183949255
1.6692207991824952
1.6672908616167001
1.6689679905008947
1.6671651063372950
1.6676496346638727
1.6676095199535983
1.6682970644651434
1.6677119841528263
1.6696137987236725
1.6672949443287550
1.6687900436535104
1.6695140635380230
1.6702392495476706
1.6662637868029240
1.6705363455779361
1.6683851573533579
1.6697493254217572
1.6690469886906072
1.6676682413537502
1.6682543420927445
1.6701746555367964
1.6650484453521064
1.6681401345902516
1.6689055596343954
1.6697370870073793
1.6680452290369752
1.6666227969891285
1.6709660130071684
1.6718898478767497
1.6704132462182242
1.6663111613865069
1.6702184738160832
1.6687409075905577
1.6685819904613706
1.6696207114815191
1.6667517726193308
1.6675873765831795
1.6683450562433109
1.6674289687457957
1.6690362722249181
1.6680622136493612
1.6678688303320686
1.6677686092928963
1.6694106358695660
1.6687447980904559
1.6672155555004347
1.6670826110726003
1.6698548192067622
1.6689789213150459
1.6658517157139296
1.6672827362151945
1.6684985370044061
1.6700026428765569
1.6696470162286674
1.6683435531775743
1.6683931114054860
1.6676367105854595
1.6691907126737602
1.6680249874482531
1.6671631844375752
1.6662484010493475
1.6661277070632858
1.6643597043657206
1.6702457829126043
1.6703623077267447
1.6685193996642278
1.6680139668803602
1.6674573202793039
1.6661121123861293
1.6672556842772290
1.6675289838097040
1.6684122053140484
1.6667311988128353
1.6663753699433188
1.6703835241192391
1.6654390037104549
1.6682023629421974
1.6695283873583551
1.6702296181492360
1.6684205143186308
1.6682559814099989
1.6672786119701728
1.6674201881772890
1.6658257470662590
1.6692560248782857
1.6680111086511773
1.6680280042410049
1.6683285888698036
1.6700107541778495
1.6708521152372864
1.6690362406475248
1.6700826820811119
1.6687769596226301
1.6680537730813885
1.6694769722939999
1.6658498161332298
1.6716217600960315
1.6693561400395369
1.6670623569831446
1.6697077430753469
1.6684145927487284
1.6680216759845903
1.6674073339683388
1.6676837016334138
1.6685913812379520
1.6684881709618198
1.6683124301591405
1.6653546836769868
1.6688439052450292
1.6661598551259382
1.6688622569747313
1.6679036999673345
1.6686232305429496
1.6692257194563747
1.6687878735886104
1.6686639520750570
1.6677988526168173
1.6668350411770163
1.6678483296397246
1.6691137959607956
1.6680579795654553
1.6670525019281182
1.6687745039481341
1.6672989794772961
1.6676173711653763
1.6653410329808802
1.6705370846571808
1.6676486266562067
1.6695617866692520
1.6705278029172967
1.6652243430783760
1.6687146793472378
1.6660797606499551
1.6695292577558145
1.6682460925480571
1.6689153914904709
1.6672697568301180
1.6684628613212911
1.6652813377775499
1.6663090723937855
1.6682610259180746
1.6692461285936593
1.6674190117217691
1.6673331899019141
1.6663660175703114
1.6683884627481069
1.6706828328623122
1.6660561656540140
1.6702783294622610
1.6663274994565600
1.6691686132528389
1.6688663606794836
1.6700461762386434
1.6679663322660689
1.6645116378740212
1.6653029794501804
1.6713894698469103
1.6680250346277306
1.6671921348238412
1.6665368628193515
1.6692862403247253
1.6668168707814703
1.6697367706121466
1.6689653110306775
1.6649602263613750
1.6663739484813320
1.6702268510572704
1.6690181101322277
1.6672748915462015
1.6678074235390279
1.6680461424705559
1.6682334060255979
1.6677470217351162
1.6707676956423403
1.6701261509690666
1.6631754036918192
1.6675540834672347
1.6684810537278807
1.6699981438186129
1.6675072106355300
1.6689624079189502
1.6683775130706688
1.6675760068511352
1.6667484887278821
1.6681652184666069
1.6687786646475604
1.6640453907579196
1.6696702767680773
1.6672003818874472
1.6689509829996501
1.6683631859604078
1.6658188163381962
1.6693230929770750
1.6686089129739461
1.6684471407921098
1.6675076736100598
1.6689852631271580
1.6673255470293957
1.6695872000490224
1.6662889094572908
1.6702675459527638
1.6670743856799590
1.6672275287652241
1.6670239295293736
1.6684060567949681
1.6696229715157189
1.6691403258546391
1.6676372683562855
1.6676013028506733
1.6710321572343594
1.6689895031632485
1.6670683932709709
1.6679710653820454
1.6684287241126952
1.6686264604936536
1.6687863450925922
1.6659831571449257
1.6695605029536524
1.6688639767799562
1.6695054081695273
1.6671059651488240
1.6684627442203821
1.6662675880956708
1.6681627549233806
1.6708983093041607
1.6671262121473289
1.6674240845730299
1.6705212843738697
1.6666399249983035
1.6678544350114235
1.6673189550270893
1.6685695655940764
1.6691589419421944
1.6676425828090795
1.6701167871200535
1.6693038192323952
1.6679903879364235
1.6651093115799862
1.6660658940737549
1.6698142062376673
1.6685305370207393
1.6648574946510011
1.6648491801773508
1.6672766028901280
1.6686491096322544
1.6663515249038445
1.6695767158393895
1.6700585427436909
1.6697813633729364
1.6687597308294353
1.6683164395050203
1.6666475432846726
1.6691685292434721
1.6684704556070984
1.6686319715858093
1.6687536818446811
1.6679698361104880
1.6664793421362707
1.6664175134722603
1.6651228519775831
1.6656768523977035
1.6670368688143531
1.6691760037032726
1.6715434435098346
1.6682887800316786
1.6683019030774244
1.6661832505676895
1.6660483144127338
1.6693445811103738
1.6672793732633107
1.6675954354792002
1.6657707223147933
1.6713854539860473
1.6679627285798166
1.6687478480158726
1.6687824530420785
1.6648725070656079
1.6670102107121425
1.6672208394119163
1.6656233392210262
1.6686982775845516
1.6684180341091508
1.6686525387553357
1.6682086443891506
1.6693578477994595
1.6685365802530514
1.6684369363319425
1.6681687523406514
1.6656181501904141
1.6708601800174487
1.6694859180075226
1.6667454703912421
1.6677084477393511
1.6694856484586365
1.6703975920563874
1.6682216709745592
1.6683058235143031
1.6687229491976998
1.6676268653408044
1.6678783273185669
1.6686621089306002
1.6672948925546027
1.6671398560945190
1.6703761822375771
1.6676195392031361
1.6687706968919795
1.6692423095932816
1.6675924926837036
1.6709122723941552
1.6688829386866388
1.6696044161503583
1.6691144350759031
1.6663552415606200
1.6680946106290393
1.6676764161742459
1.6657147577515408
1.6678444266160033
1.6687877897294396
1.6691782076996460
1.6679066278899048
1.6703781408407599
1.6696438886312552
1.6666417363385551
1.6689602282028606
1.6676733891630589
1.6669681997527106
1.6695185668747163
1.6656048514504789
1.6678701905931943
1.6683939801104206
1.6702478680291291
1.6668272608416561
1.6694396622583285
1.6686791394696348
1.6689904404933753
1.6691604434632719
1.6657601759210603
1.6672883185850995
1.6708220319796478
1.6680463769143865
1.6680159175486895
1.6669458142586608
1.6691186140851513
1.6677822645015152
1.6699844351586193
1.6675738960269249
1.6697512061487312
1.6681951336891638
1.6695106736534147
1.6675597782098028
1.6669782040302505
1.6667412813285394
1.6671701252978839
1.6673806329563661
1.6684938859463154
1.6673602157751459
1.6699773673413874
1.6665946112322116
1.6688170754601228
1.6656363639750178
