-1.6029238545929314
-1.6050463760611582
-1.6016371214292122
-1.6019546640290645
-1.6045090580782613
-1.6011623326252973
-1.6050945251176258
-1.6031289018764541
-1.6021125242737397
-1.6055359207722801
-1.6048338824003252
-1.6027116175570961
-1.6038356018233499
-1.6028188471303655
-1.6014688712247187
-1.6038049477234424
-1.6030488527860427
-1.6044530694312102
-1.6057685685123753
-1.6009369078760871
-1.6005049107523421
-1.6028245994922374
-1.6037387499751892
-1.6049120347794916
-1.6044652286610759
-1.6040911481509592
-1.6023999797802742
-1.6026047399579613
-1.6026570222361711
-1.6032207220104637
-1.6013418753963202
-1.6028529623562935
-1.6031668444572442
-1.6032590766944961
-1.6060207386533309
-1.6017069575595253
-1.6034283486865595
-1.6035977267416381
-1.6036056736419371
-1.6021375633778587
-1.6028762218456956
-1.6041061231771983
-1.6059898088815159
-1.6026257376839110
-1.6025548877697220
-1.6021749650229433
-1.6039173200020542
-1.6012962385103402
-1.6018181747787816
-1.6024120987554762
-1.6030226441554163
-1.6017656259960626
-1.6020342251335478
-1.6020877562419986
-1.6030082356989186
-1.6022524441018424
-1.6030160497308958
-1.6005133523904840
-1.6037106464712660
-1.6045034611279687
-1.6023849540403214
-1.6025429557146629
-1.6005429494670655
-1.6020268114116456
-1.6015452915492858
-1.6033953411924429
-1.6033724295657947
-1.6045924442785293
-1.6020040462780096
-1.6020042579931066
-1.6018385413085638
-1.6021068074096485
-1.6047408703014143
-1.6009493482692958
-1.6072293483591571
-1.6084173951732497
-1.6084173951732497
-1.6032981763597849
-1.6043684022085372
-1.6038999210955007
-1.6053305195872927
-1.6046156553473481
-1.6016030603340115
-1.6036913078456838
-1.6061587279282232
-1.6052742141405418
-1.6035362186713413
-1.6040766425831561
-1.6012126555150712
-1.5999438152555510
-1.6067110863976852
-1.6042137976237674
-1.6041104092237821
-1.6038603522566537
-1.6015089228346218
-1.6022646742080380
-1.6041995425861038
-1.6035980371440599
-1.6034141315934103
-1.6061375788741956
-1.6017400060458149
-1.6007460136819285
-1.6020554041908450
-1.6028451764672953
-1.6022757197703994
-1.6026608379861282
-1.6036701702160590
-1.6016873301464625
-1.6042390444704833
-1.6056715848250400
-1.6064253350870685
-1.6045186542144076
-1.6016454251494241
-1.6024535534235558
-1.6022461928222980
-1.6040446697168693
-1.6028019835963316
-1.6005046319678344
-1.6032564993268477
-1.6047973560600315
-1.6026323781795750
-1.6002089375401252
-1.6053026251005642
-1.6010708440129147
-1.6021359325121094
-1.6016094244557224
-1.6046434587562117
-1.6041054328942468
-1.6017296949135238
-1.6012514282097356
-1.6029641370822243
-1.6015413356646244
-1.6008242668790924
-1.6009458823181442
-1.6043050242802610
-1.6051649114056998
-1.6034154997533341
-1.5997901721047929
-1.6046135633373260
-1.6043346544766452
-1.6017714516934878
-1.6036044514509560
-1.6035830032218386
-1.6042012226081668
-1.6037139262997573
-1.6029173829221126
-1.6023615473250825
-1.6045449054175724
-1.6029799555604327
-1.6054567402234807
-1.6041042622484016
-1.6046163668927136
-1.6033035191646856
-1.6013246305709108
-1.6019932777904471
-1.6024609412393258
-1.6028146516091992
-1.6015574340649914
-1.6066663561435435
-1.6042511390876182
-1.6024788305403248
-1.6015212764385953
-1.6037751313632738
-1.6035964175479085
-1.6015744132072807
-1.6010059644310217
-1.6024643801244818
-1.6013745150683079
-1.6015013445439852
-1.6028081105517911
-1.6024514932082188
-1.6036187572975000
-1.6025703376514886
-1.6005959008737618
-1.6024597369679268
-1.6042941496217333
-1.5991839893687487
-1.6031676983616665
-1.6066158145580205
-1.6069993563843770
-1.6038736714965314
-1.6034106607293357
-1.6042665286131441
-1.5993671644375576
-1.5995666291934285
-1.6070886985305113
-1.5995188233813620
-1.6052182316810752
-1.6057399966441037
-1.5997165248891461
-1.6019423085663789
-1.6016587517857839
-1.6005961995849918
-1.6043797744393302
-1.6020452902001874
-1.6013316549680761
-1.6016117380420059
-1.6025251346101947
-1.5999129854711858
-1.6057611589500826
-1.6029863503558501
-1.6018764226771589
-1.6034631735532532
-1.6013626054515981
-1.6055075858466892
-1.5999624950058928
-1.6039476295531938
-1.6037567108372097
-1.6042516724403446
-1.6010456516360296
-1.6035546944573329
-1.6031041866079874
-1.6034036995791996
-1.6042501060574632
-1.6022070679569338
-1.6020943564078787
-1.6034689940468425
-1.6048316169698849
-1.6050131922044641
-1.6066030546035821
-1.6058620940382224
-1.5999707423754657
-1.6056736310959276
-1.6033320656705019
-1.6026699415001122
-1.6026881118639917
-1.6013737716279270
-1.6038075776505294
-1.6016750589374678
-1.6040359653683469
-1.6030456940608770
-1.6041436115669985
-1.6021846735167917
-1.6013207482660832
-1.6042961087247321
-1.6062553602367469
-1.6055444801292376
-1.6042576921672089
-1.6011184636034006
-1.6024598952019329
-1.6036172468792225
-1.6030464913295683
-1.6022892304858842
-1.6016079388608639
-1.6029957452778150
-1.6038547469131270
-1.5998801515655405
-1.6034922339697866
-1.6030022755289239
-1.6018436814274604
-1.6009837841958212
-1.6046906954165674
-1.6018574911764314
-1.6021412040782332
-1.6014163041661158
-1.6011674340553512
-1.6018112548083909
-1.6053911260531899
-1.6038469529350947
-1.6045302737356890
-1.6039636917172213
-1.6041597418280100
-1.6033432022885377
-1.6025266987205693
-1.6017013411353456
-1.6042014194784171
-1.5992852954082759
-1.6047230710327633
-1.6006984194628229
-1.6001534805137028
-1.6036788182740924
-1.6052556677220877
-1.6040237381929983
-1.6059647858615049
-1.6010934328300961
-1.6053840490723010
-1.6010511666820388
-1.6064932873709679
-1.6013944059636533
-1.6031654551765404
-1.6032978769641131
-1.6046086594863485
-1.6055938126314659
-1.6014463126307417
-1.6028008607334370
-1.6033546028541816
-1.6039575687222922
-1.6002831645237383
-1.6032589709971459
-1.6033386656174400
-1.6038901199875961
-1.6020033388363655
-1.6045793714792207
-1.6029899125048264
-1.6029338094871000
-1.6037689876739758
-1.6059254047669940
-1.6019508791240367
-1.6033800497403716
-1.6051542380586414
-1.6038971336539678
-1.6042431684222924
-1.6058525951510523
-1.6038697025488848
-1.6060747043607122
-1.5993733547797688
-1.6031703793212466
-1.6048767366342687
-1.5989749307455146
-1.6013060324570569
-1.6025681797832474
-1.6046981325396756
-1.6037651679042699
-1.6045383476789157
-1.6022297324589336
-1.6006726083379677
-1.6022557972974965
-1.6022614706054108
-1.6027144028060716
-1.6014499589315900
-1.6041027688050464
-1.6010272268505203
-1.6038408034118332
-1.6036777047928770
-1.6051900439028794
-1.6041774414657552
-1.6057151219624841
-1.6040389956093213
-1.6011825526012473
-1.6056215292597760
-1.6008606448339635
-1.6014677013783594
-1.6022989270210866
-1.6042558057574359
-1.6040401255764882
-1.6037342514934156
-1.6051366611037712
-1.6022089267989548
-1.6034820019973159
-1.6052225578759822
-1.6045463128549682
-1.6027306294891235
-1.6037413422896529
-1.6012956386613384
-1.6021418710097768
-1.6028343068394000
-1.6021889743831665
-1.6038207810716922
-1.6017414149652054
-1.6018203940911182
-1.6050706923905051
-1.6053840172324694
-1.6047356936275594
-1.6017930482398302
-1.6025472595336769
-1.6047756496070462
-1.6034760498656937
-1.6028897508586657
-1.6066856816521555
-1.6014502025808297
-1.6028855144498462
-1.6036180807160474
-1.6016153525200389
-1.6027469369008449
-1.6015563961458443
-1.6031137737223626
-1.6017610890489886
-1.6018394650023349
-1.6030512823736858
-1.6018504663316175
-1.6023513331439565
-1.6007177683931972
-1.6031298730093295
-1.6023560286704199
-1.6040738447623857
-1.6045654654056067
-1.6042229925360394
-1.6035073793637185
-1.6011482237159416
-1.6008214000153469
-1.6016522130916657
-1.6013165908238445
-1.6021401283425385
-1.6030786148394005
-1.6043309754409163
-1.6042850206385433
-1.6036121718685803
-1.6039568315038268
-1.6025112111321458
-1.6057166772486471
-1.6019372354668968
-1.6017249570664558
-1.6012662944370579
-1.6024543680558774
-1.6027623653505190
-1.6009109459099251
-1.6059279828844542
-1.6027234327225623
-1.6034099839887186
-1.6044138852335712
-1.6034180192047625
-1.6033565435338393
-1.6046048714924750
-1.6041605431894512
-1.6016661555822058
-1.6019221884058268
-1.6021747854910571
-1.6048394830723449
-1.6043633085051543
-1.6010581852305710
-1.6029828658993097
-1.6019142283635706
-1.6008062079078442
-1.6027202655688195
-1.6046465877143581
-1.6018882398371093
-1.6034696738897964
-1.6037026732915747
-1.6030962673880451
-1.5991432494044890
-1.6032953635939948
-1.6052115625620547
-1.6020130214342061
-1.6014380126634526
-1.6009483159769031
-1.6049893430501967
-1.6015706790439550
-1.6024799291837046
-1.6052172616680342
-1.6043460772990490
-1.6027998374296122
-1.6034904784107478
-1.6031240853877591
-1.6035449263960087
-1.6035992058198294
-1.6001672856187137
-1.6060218138936688
-1.6027399746637097
-1.6028070090827540
-1.6052597738606680
-1.6034062473710324
-1.6012917196074314
-1.6034531272874628
-1.6005794099304178
-1.6016346852251970
-1.6023552643400962
-1.6031576568162353
-1.6026002871618434
-1.6014755685551398
-1.6026052883950630
-1.6048428668976267
-1.6017603286880973
-1.6034990154250561
-1.6028576479023626
-1.6038628334255765
-1.6010372748850761
-1.6026727513097674
-1.6024863104335703
-1.6040893786260926
-1.6020446820653047
-1.6029431306098463
-1.6017810391283023
-1.5998254969226946
-1.6041628148332976
-1.6024333401761128
-1.6040121806766012
-1.6047313168977153
-1.6041348409736946
-1.6043872126054795
-1.6013098510774924
-1.6018903666529434
-1.6021399164084087
-1.6044835085063696
-1.6026416669602841
-1.6028969673486395
-1.6011137250502812
-1.6037639107343595
-1.6020128496565349
-1.6045965042539507
-1.6021733166516343
-1.6023654213667444
-1.6035222080508755
-1.6059764959353637
-1.6042111284131788
-1.6024547030752272
-1.6007575019284874
-1.6024902415764255
-1.6005086627982494
-1.6050610442701629
-1.6044177125610721
-1.6037442594750606
-1.6012555654356666
-1.6005126923103423
-1.6040700057691910
-1.6034446949856884
-1.6040504720500863
-1.6019622923197145
-1.6025243693190272
-1.6016590793678331
-1.6017141807011686
