1.2169279777491211
1.2106286849182279
1.2193141357419055
1.2145325886980816
1.2169132980103132
1.2215290509408345
1.2211205676632881
1.2253533036058801
1.2115885798811175
1.2263147700659274
1.2094928962523110
1.2148239831053766
1.2138034922057090
1.2208897823351952
1.2110675240967967
1.2166745640835499
1.2241153820866939
1.2234564883333714
1.2162777341484590
1.2150376483132770
1.2139949830085988
1.2200645782599588
1.2146263913635542
1.2118892276309383
1.2155864035018309
1.2160158844502891
1.2216207392982752
1.2139620225341328
1.2197159921601706
1.2244893986984435
1.2176083952091503
1.2110959158286210
1.2189767218956318
1.2176771902885619
1.2199453910137410
1.2232379051180846
1.2139833529423041
1.2210566397243670
1.2120037158079273
1.2190214553701171
1.2171116857030422
1.2162302624183863
1.2168491013923080
1.2145733863169914
1.2090107077299868
1.2169582597245028
1.2219799020487920
1.2161013454060439
1.2199890469252919
1.2139724849729097
1.2118916969978850
1.2144145224804617
1.2185795862688320
1.2191224624936283
1.2170450882992809
1.2232796352401958
1.2190461349967987
1.2162855565769033
1.2193658327724435
1.2137393448475744
1.2132397573345293
1.2244032672680603
1.2184289452437422
1.2223597994052797
1.2151778865059824
1.2189866959464906
1.2195542395659824
1.2140991729848527
1.2162313715564055
1.2215760451904922
1.2181732035522841
1.2244178101618384
1.2196909579214401
1.2214715064044166
1.2135297200532602
1.2225020642735074
1.2189814804739523
1.2163352161859953
1.2082509104118675
1.2202581599439968
1.2207669531733334
1.2186762516776743
1.2133176116989688
1.2144924897211047
1.2085526358327991
1.2225613505157464
1.2148994937242503
1.2134178887910365
1.2198398877380430
1.2196205439086716
1.2159608426330815
1.2207014045972981
1.2152731348876114
1.2155582756463781
1.2155281049243190
1.2170518182468566
1.2191400348890056
1.2192136233369464
1.2131344017110086
1.2187176692036161
1.2213143609528856
1.2095218977017725
1.2151272300739664
1.2175566852015278
1.2100001990024618
1.2201445718109143
1.2113561283523422
1.2102729530918461
1.2112770425692347
1.2073610229998750
1.2210001734642799
1.2154152472527786
1.2239678519635919
1.2176824239749844
1.2142219038111881
1.2186829151978700
1.2204707957734873
1.2210033688626940
1.2224025360749760
1.2161850327896266
1.2164492148866457
1.2187530690618376
1.2241194060501042
1.2178512360758467
1.2105074994993079
1.2167715811773590
1.2181975472297053
1.2164398326603534
1.2169401083826354
1.2192171158200698
1.2218450567143364
1.2247090067635702
1.2214408817077402
1.2145446938896720
1.2128866164500034
1.2126198268007315
1.2169180904567665
1.2096088138338101
1.2194883627218318
1.2146684287447898
1.2142701425892517
1.2119509435762306
1.2213019096340736
1.2137133215996823
1.2170823779231004
1.2155738028488456
1.2161646854476176
1.2129793193678449
1.2198871124345569
1.2206910510174429
1.2185322162916459
1.2271263309067397
1.2174918306105678
1.2124347076836608
1.2191136268760860
1.2156422814450467
1.2178641896718636
1.2150393431587831
1.2217948162279000
1.2182035218699550
1.2177155887893820
1.2132087860336183
1.2153373080215297
1.2130589958819831
1.2218198724577902
1.2197375920934095
1.2149009748756912
1.2171756231235076
1.2220915233791645
1.2188288918945602
1.2189991375352269
1.2170213405065324
1.2228094454184029
1.2129490664554996
1.2213539385085166
1.2222219267718419
1.2155657147399852
1.2127380003756385
1.2127096975235760
1.2187809018633322
1.2191186544936410
1.2160098375147106
1.2087483288371150
1.2175485685046168
1.2215310722396697
1.2135803174702109
1.2167885455275640
1.2180758827205933
1.2221551684635072
1.2112030537210425
1.2242901040829441
1.2194094400639937
1.2148615548607566
1.2172606555990713
1.2155533930015505
1.2217626229808738
1.2164093760187251
1.2217649660947199
1.2171531418836874
1.2098246473406880
1.2151674495729072
1.2181110249784999
1.2124024423288577
1.2120489368925169
1.2154608211360829
1.2280549226131550
1.2178639801504132
1.2127441758930015
1.2238937750215391
1.2193596781384943
1.2156809482388180
1.2231331828211032
1.2176089793904188
1.2157882452011062
1.2195545886927452
1.2160265918822790
1.2171925955206075
1.2152380394305045
1.2140720220511338
1.2241300231488603
1.2148982111652566
1.2182840067094833
1.2149736766848036
1.2157727487532568
1.2135752633332080
1.2214131535939794
1.2106027320480224
1.2115161359597113
1.2088772095782658
1.2117678229910853
1.2135105751193922
1.2134334472193913
1.2129915757796710
1.2109778820532544
1.2179293496493562
1.2096019645728531
1.2182512938778971
1.2211433205299798
1.2139636407384022
1.2225272191886976
1.2088606794577255
1.2167009022506992
1.2192909661824349
1.2086762910353213
1.2160791020958710
1.2194548984640472
1.2085513788984044
1.2168817424566873
1.2150248951239551
1.2199374418587607
1.2108459245469703
1.2150980391338786
1.2120415145793855
1.2187708425960777
1.2181181209027214
1.2160192581876630
1.2206084657000540
1.2156178296483477
1.2148270209034209
1.2192553388831595
1.2150783712397040
1.2188891811396800
1.2165703272922133
1.2159047728693049
1.2190808610770671
1.2244737112836233
1.2254310845129071
1.2147671484812577
1.2102725753914612
1.2162293071323691
1.2147845978348302
1.2204079763114679
1.2148344248536163
1.2131123830642176
1.2232738628488400
1.2145604860868542
1.2187842061110292
1.2169894103094234
1.2226725212731397
1.2133072767931239
1.2154896481334794
1.2170506655191402
1.2148004152979852
1.2163163281931058
1.2187221487221851
1.2193131437381655
1.2097211807391302
1.2209049146089952
1.2154262151470927
1.2177520167563023
1.2139620414202459
1.2178046114360868
1.2188708342645975
1.2156664158665380
1.2189532579807263
1.2184956382020997
1.2208520681309205
1.2213158420052390
1.2166589923152076
1.2135842708293230
1.2139485379969750
1.2164152545696711
1.2219165385891440
1.2184509705275610
1.2155949018036059
1.2168018154494442
1.2233825462189278
1.2215552402030507
1.2142041325913429
1.2171120785370901
1.2136986575000148
1.2160958117471836
1.2224863179391525
1.2210156514860708
1.2177665280150127
1.2235592590216864
1.2240352846644511
1.2088027453703674
1.2198822017824953
1.2184790569538695
1.2205253683794739
1.2204376202728955
1.2152341957431747
1.2153545599986695
1.2154294806056813
1.2212489117117211
1.2190552727467914
1.2144083999353308
1.2122387961394328
1.2214330786765979
1.2108001246299682
1.2152154211696271
1.2101734914931943
1.2154457353409738
1.2116594642086809
1.2197987091676925
1.2188051958964277
1.2229945054883802
1.2156928601501515
1.2084194533916404
1.2144679116153441
1.2188630390926891
1.2116270405973959
1.2174719114398644
1.2091375921551457
1.2213853740658263
1.2116616495536472
1.2190552735352904
1.2112634864428760
1.2168975172783079
1.2191536154346385
1.2108288468043360
1.2046879073485615
1.2187563419415670
1.2176336423190333
1.2147555843506159
1.2127368692242839
1.2132474139014207
1.2160543427310058
1.2167058396822006
1.2183941918225523
1.2153637418241232
1.2134521189432665
1.2187058122406143
1.2101010935036405
1.2152417218747944
1.2211712481005239
1.2125164559856716
1.2224640624925058
1.2161599546609105
1.2156331945360135
1.2131470005410137
1.2110035364747826
1.2158917197702404
1.2214807939258865
1.2191036151548937
1.2217858598107947
1.2155052306536360
1.2164372452672285
1.2180197171083635
1.2191211486066893
1.2167967224220950
1.2117017181829921
1.2119122726450395
1.2143234110831498
1.2187327737018785
1.2225337426400098
1.2100581811056232
1.2179843043476248
1.2142515741726834
1.2157558928864096
1.2205887791324581
1.2166574488457935
1.2197003641262965
1.2187983670814173
1.2135008605711246
1.2163761370553434
1.2195761665368616
1.2176416081035242
1.2087739190494518
1.2245628573266822
1.2159476166398206
1.2173017161615680
1.2165770092546089
1.2219590524407218
1.2167375204963971
1.2215525489415708
1.2129532223072743
1.2101038210215198
1.2115272018742744
1.2219301624887782
1.2122062562211229
1.2220829382605922
1.2217843279524272
1.2135910685590188
1.2213940417589966
1.2181411352460201
1.2190523662691375
1.2203375328180952
1.2097896711856120
1.2172789158301189
1.2166996014171718
1.2241445856101274
1.2088154554515991
1.2106297127336434
1.2135596698559041
1.2201363990501892
1.2055693858922885
1.2174305346493328
1.2204846403287402
1.2135243321407116
1.2160205096655692
1.2140291049516876
1.2122316353139555
1.2118047980853537
1.2177743147709921
1.2217297413879946
1.2175699415831005
1.2144553407277325
1.2132866911930833
1.2152481618295476
1.2205269366301115
1.2150740812687333
1.2156637398852981
1.2185298354932561
1.2154127635036791
1.2174785970195712
1.2114315375107412
1.2167725956496847
1.2229457277001226
1.2133140253438768
1.2118339964257769
1.2145137981108138
1.2143567248368849
1.2130608816759634
1.2157484028588352
1.2190195078460577
1.2130204253835832
1.2229812919303218
1.2162964792365634
1.2162816769699469
1.2168264501102199
1.2261004832747406
1.2232110595628132
1.2202565130425782
1.2214397377586523
1.2219898545500913
1.2261598029793321
1.2062523472111262
1.2164681651714584
1.2198338422808073
1.2156591097294978
1.2223221015474164
1.2144033939940699
1.2178800089166231
1.2174433317668769
1.2083150065281487
1.2101023775416049
1.2192229510247341
1.2163422085086595
1.2231550623774228
1.2173101465527110
1.2183376153953427
1.2157533743367859
1.2194567527850200
1.2141498091721199
1.2180497366683287
1.2166991393562794
1.2103008952707839
1.2142614033276797
1.2216868508008059
1.2090191767018890
1.2189770332432639
1.2172143225383782
1.2181346103122896
1.2170112009942073
1.2179056964162054
1.2108869924071084
1.2176213755890704
1.2207975005262881
