1.2328529851961494
1.2390186778201551
1.2414498425221534
1.2311916709420658
1.2356482496197343
1.2339002003086033
1.2368559830880435
1.2336736184177699
1.2393686060511540
1.2356440479327786
1.2330810235301788
1.2364515827393521
1.2388362093471987
1.2347285776730828
1.2355251003507393
1.2387097389589750
1.2365294891042584
1.2333499512053578
1.2339605147188237
1.2389703053090486
1.2323980578697808
1.2384420165860246
1.2437870688559767
1.2390640980873884
1.2356896865650258
1.2371412228746568
1.2343196652989934
1.2328939424125849
1.2369635682815601
1.2317749977780281
1.2317698428591055
1.2322246554503875
1.2289086115269063
1.2406386399685199
1.2286966859636601
1.2391690699452840
1.2360510044302293
1.2342229385402907
1.2324174764010554
1.2329934500636446
1.2390712708324043
1.2368373703484881
1.2323932473046555
1.2346166185247915
1.2345931369124461
1.2331803966681814
1.2357708742632529
1.2337626484806512
1.2383446858192784
1.2361294904908120
1.2349546993404446
1.2331648414879046
1.2400836500884216
1.2354068291891072
1.2352093450340509
1.2425681527013066
1.2313210220391280
1.2364179381183038
1.2341630220219904
1.2367513629982443
1.2381587465583266
1.2320017099448231
1.2374432971109375
1.2393511186160258
1.2371835550749439
1.2417492816830313
1.2413267316281809
1.2355109010792904
1.2325641966648651
1.2363535277758697
1.2366762244184113
1.2376367570246134
1.2370077756342097
1.2353043841122866
1.2365013288254001
1.2290860685505263
1.2396515659252743
1.2420485654921649
1.2322524796889838
1.2362940229327291
1.2322464261452484
1.2320451609145988
1.2365342268881121
1.2393160766145561
1.2388267932408750
1.2320423200408950
1.2325524919996711
1.2441496262522409
1.2390855586056797
1.2347928743939500
1.2401989018290749
1.2407155232024891
1.2302608289292474
1.2379021258167966
1.2279917872321295
1.2274694347793107
1.2332403939287357
1.2335304952069548
1.2390731632217071
1.2361486073337100
1.2372610149456942
1.2336546719523034
1.2348060356535056
1.2372925974260878
1.2322123012864219
1.2333234338446690
1.2357326179394457
1.2390620385955156
1.2306559542472253
1.2307304730739532
1.2388345636954174
1.2404005968958631
1.2394891213935697
1.2332666352430877
1.2398294312985154
1.2299012065187456
1.2396828211337936
1.2350410245762344
1.2385314712979072
1.2389995419349720
1.2413776799218739
1.2296826656679243
1.2322424645416103
1.2329605651901465
1.2347605241484598
1.2320395342078987
1.2309829026230747
1.2394391005362730
1.2355124461834435
1.2363607240431336
1.2418614708712274
1.2242737903786525
1.2338253629933047
1.2380074153485394
1.2437359988038892
1.2353795722768053
1.2362861963135332
1.2352047368050192
1.2396462295377502
1.2338266801410998
1.2393702826836090
1.2388005763466294
1.2373938605559147
1.2353653517937480
1.2301245709060962
1.2322233629117250
1.2360752648764273
1.2347557092260339
1.2359654707717465
1.2339612158403244
1.2302428376548664
1.2391569396212267
1.2317910098251674
1.2357208727724602
1.2348601603939624
1.2406289690118912
1.2357075500899459
1.2323894782805733
1.2340415125849700
1.2371134740506615
1.2338471604656789
1.2364984702069259
1.2319433129958954
1.2388687857248843
1.2377461829066687
1.2341170255110687
1.2379422855540614
1.2364833263957391
1.2299319921320204
1.2395430622141361
1.2372749477303866
1.2386384405825355
1.2394834038413789
1.2323620934880695
1.2328475768918206
1.2416263831376282
1.2306257736339103
1.2357320080523901
1.2360233102737963
1.2384177535230525
1.2407352889709300
1.2378938426323005
1.2427514643740469
1.2330254472849485
1.2343001596083545
1.2405830492732020
1.2369919183162390
1.2392362572639983
1.2378437018098425
1.2365079402816253
1.2391575906264720
1.2353821700104364
1.2368340053611717
1.2372864143086333
1.2366440363805669
1.2297389484225734
1.2302303608645828
1.2348003218600643
1.2394298021298968
1.2359192716949428
1.2305294805331062
1.2342728244594428
1.2356101872611105
1.2396964986123047
1.2349836746000085
1.2361975292849219
1.2378517984177402
1.2402025530359477
1.2282732125159268
1.2349566593837513
1.2388783608492777
1.2353538161544875
1.2379507748718106
1.2352544693569700
1.2352903447551602
1.2369534482680262
1.2328128777142402
1.2323978803434201
1.2391585071579616
1.2351182184458227
1.2309497634332673
1.2411610901611365
1.2382399210704473
1.2325992928535483
1.2373033679081371
1.2374799509399619
1.2443370708467045
1.2415753950638195
1.2349092230114551
1.2380109343260817
1.2307692352067585
1.2357380157944613
1.2378287521504840
1.2395954629571790
1.2377019267788210
1.2311845642507397
1.2349528040973314
1.2375161591958863
1.2343415320449362
1.2305999320245125
1.2335508865111535
1.2406976710887261
1.2348688070395566
1.2312478199023731
1.2305496064909800
1.2418086988468686
1.2364444058215478
1.2343552737061545
1.2368153868470899
1.2379881641075088
1.2360885396020604
1.2436326900584769
1.2350048393238129
1.2378360056670548
1.2347615600119690
1.2339961259146182
1.2314759570997440
1.2364313377206397
1.2319368044435555
1.2401812787996713
1.2333543669548559
1.2321713072006133
1.2339806975321879
1.2348138695113993
1.2327672187705596
1.2317487838227998
1.2332963898956564
1.2378217380483225
1.2370897573680020
1.2354110904609710
1.2381584519316950
1.2410801151799429
1.2356186481236033
1.2389252945872931
1.2385185920033359
1.2381790475159684
1.2364660517995401
1.2426050459560818
1.2312236168575206
1.2358166757772922
1.2420780687909800
1.2364605089477392
1.2315669164928744
1.2424475944327695
1.2291476008786850
1.2322978682897328
1.2349738819073997
1.2428482191093848
1.2380932634528865
1.2398664806046069
1.2352910562086092
1.2366366801168813
1.2394535953465982
1.2335526473258214
1.2330230194469693
1.2417123659612466
1.2304063077233869
1.2363140727859820
1.2460984348512627
1.2422104602695196
1.2369494001904711
1.2314952235995085
1.2332529593533665
1.2326517808397526
1.2384066937247138
1.2364150740058488
1.2313446602594462
1.2380394465415834
1.2332375050142885
1.2353500586907229
1.2275812236012487
1.2426646423609611
1.2299065321327949
1.2392330563109795
1.2403273908447541
1.2352049423292530
1.2362320654909562
1.2399575837944510
1.2393985763915785
1.2362511271832357
1.2386049362221427
1.2330347671250212
1.2301242397299874
1.2379340066051723
1.2294698976732865
1.2307469975194538
1.2375536269355165
1.2386522680838448
1.2346107584414128
1.2382449271079383
1.2281608406909315
1.2383871580841674
1.2323787279562248
1.2393278357441577
1.2326263596125873
1.2352049646060295
1.2327891984105719
1.2308015247744450
1.2351698282051407
1.2340774350974077
1.2338988218825022
1.2348530113338569
1.2384739541394600
1.2406852036597955
1.2342416752377290
1.2290852870595812
1.2375858968858766
1.2331361058432593
1.2365499425149091
1.2364754001406286
1.2388919414631046
1.2362694264292673
1.2349157372899928
1.2375049612150699
1.2357342953706620
1.2387062714547079
1.2360323809556528
1.2300902430228049
1.2428791542031785
1.2366674161822988
1.2390308459013692
1.2365076770539858
1.2344289553308310
1.2318864565318697
1.2425022172699873
1.2329378686002155
1.2334977050014588
1.2384177108939494
1.2305508843188528
1.2343907654540156
1.2388771122860065
1.2379015491990759
1.2333370420508485
1.2385669121436791
1.2376328603922810
1.2360231495972709
1.2364204333434574
1.2323342469637966
1.2338709458143908
1.2345222421423896
1.2298535532744526
1.2429413352243832
1.2380263230611779
1.2372754276290741
1.2334446801642867
1.2383569936923962
1.2381608317252146
1.2367912666351184
1.2416597100577291
1.2365958755706929
1.2367427063450989
1.2384845212628606
1.2342629306723982
1.2336977613716504
1.2366130491608780
1.2333072613561695
1.2364608289767207
1.2332148845284256
1.2300297214601796
1.2290951881999870
1.2330117598625461
1.2318568171275084
1.2382062597915464
1.2341017003772989
1.2352290419307284
1.2315551906449538
1.2393118062746562
1.2348127162643030
1.2354689554679636
1.2401015870458056
1.2430129128380134
1.2446003612841408
1.2343907086159773
1.2358641533957839
1.2350921419407555
1.2394662122241589
1.2404782614616445
1.2441439201014206
1.2362984097597414
1.2373674254215663
1.2374682883702812
1.2339522460026815
1.2375905943506449
1.2416836440991748
1.2334916037410126
1.2388753312731320
1.2299331872773469
1.2364060126299483
1.2405106091282565
1.2332724615155419
1.2377811293231384
1.2279252996411063
1.2347402005954686
1.2312606295697777
1.2385717103704068
1.2370666053531567
1.2396741645153468
1.2341824440457989
1.2353378053580191
1.2387860426393598
1.2405683448346736
1.2383376727013784
1.2400883342010460
1.2406161040665846
1.2327819198777574
1.2360744410982689
1.2335613891491208
1.2341511766932187
1.2328336685145387
1.2365557496534947
1.2414156855605782
1.2345843069030689
1.2374040935527713
1.2385190317034263
1.2245672216773136
1.2434196866288068
1.2344710987873395
1.2395589460500844
1.2325876083220224
1.2347040192617171
1.2341940128784070
1.2397133871860733
1.2388304233954872
1.2331762637799899
1.2335943127209494
1.2330019858361339
1.2329921120015404
1.2303835381732267
1.2345218575234482
1.2356650356341683
1.2362122869918597
1.2351893758773149
1.2333602663692815
1.2372595888748907
1.2339391458471014
1.2301477995322736
1.2365685413645320
1.2366236974657261
1.2408467267154011
1.2354419548366511
1.2354959855672385
1.2301840863747040
1.2376375659424652
1.2325896637153932
1.2434605775316423
1.2339056760136129
1.2337597063192702
1.2332345494575307
1.2327675626746226
1.2311236624641926
1.2335763783503537
1.2388968748130045
1.2401517928722010
1.2404641702460806
1.2330573249758232
1.2390801292381786
1.2290190031201573
1.2328102539582955
1.2363619151670893
1.2376203863447199
