1.6025176087012807
1.6048142843858060
1.6014039049437774
1.6031391250458613
1.6034388269153206
1.6024953751813680
1.6029197832907667
1.6037986451097037
1.6031127492918815
1.6041564985476890
1.6043540833434280
1.6047167912008240
1.6009969859896047
1.6009426768981825
1.6006711346975346
1.6040005073333974
1.6024726546986126
1.6037273071116092
1.6001879799151988
1.5981324835680677
1.6030061731820784
1.6011250466794773
1.6041503812895872
1.6020524175496584
1.6030316781917102
1.6020220527445435
1.6064483356576973
1.6023173067364707
1.6044186344926117
1.6029119101849902
1.6002501420672535
1.6007754459899657
1.6005165365380947
1.6049448016072743
1.6033827023423162
1.6040095097195055
1.6021929913487019
1.6056572313869679
1.6012294402445757
1.6033250925182831
1.6022771749700779
1.6009055044424640
1.6006233377328181
1.6047443814848250
1.6044451303299363
1.6034561012174218
1.6013657327431219
1.6013323291304657
1.6018475711193558
1.6043516855423774
1.6043152427983072
1.6052885192634447
1.6024318782322160
1.6039525912406560
1.6047886877604141
1.6003656406435784
1.6014072251208835
1.6015262772357430
1.6043388845044229
1.6015190095833836
1.6043345190608205
1.6030290364731616
1.6060904815485570
1.6021884642264774
1.6029571878605788
1.6026169852469323
1.6026566322697842
1.6026209698849649
1.6025243001989593
1.6055311396074836
1.6024512572356482
1.6032157845120139
1.6047515116010447
1.6015017710422252
1.6026571368136375
1.6039202137273432
1.6021653840243928
1.6029420990594416
1.6015437001000992
1.6008305989287168
1.6036402294994476
1.6065463520565120
1.6052250725019275
1.6024571460454635
1.6048206926354167
1.6017066594505096
1.6038884979784402
1.6027298365377061
1.6051510237805322
1.6029131815182367
1.6021928268862953
1.6038814207043981
1.6012901229475005
1.6041730658329243
1.6007632569974661
1.6035524928559315
1.6037920119931797
1.6028233656998827
1.6019026764383695
1.6033411559103699
1.6042949040948276
1.6032045899434384
1.6005177498896908
1.6049471956113364
1.6021489451114819
1.6044696288067721
1.6044696288067721
1.6029503692632909
1.6053507684152106
1.6042357240573808
1.6008634688444889
1.6005050040100386
1.6036038088923616
1.6021390913760061
1.6022261892601324
1.6016078664299289
1.6044620077634180
1.6026114135147671
1.6015443931749762
1.6021658966420087
1.6048985788844452
1.6032859570881044
1.6010310297444230
1.6052705739113717
1.6040864770750531
1.6019564701002420
1.6054066666402023
1.6042333153034234
1.6025761970734320
1.6036968357745522
1.6027405794032850
1.6012422558793797
1.6066258431667906
1.6035387116397810
1.6074084600596583
1.6011200821528122
1.6036385665411730
1.6063651654554447
1.6073639385216991
1.6030937935311427
1.6038135520641374
1.6005514262158911
1.6036719365590304
1.6045928291990625
1.6002201790364552
1.6043200331884251
1.6046450345905656
1.6021516494236119
1.6026312822791839
1.6035540513568420
1.6020316350195796
1.6038526779333191
1.6017262088752153
1.6011832045396970
1.6030907529985410
1.6005082140966838
1.6037970528980137
1.6027815161153873
1.6023967378729724
1.6038584353104721
1.6005515248873534
1.5993586298453761
1.6021915318794238
1.6022652898936778
1.6021696571857758
1.6004329142048104
1.6035547663741643
1.6043197007271413
1.6042984974338432
1.6029568173865709
1.6020610977026606
1.6034493895613882
1.6055331980209024
1.6047470615222963
1.6028780848935669
1.6017263740856469
1.6002306607728609
1.6009200083028523
1.6052233221337349
1.6049328404796239
1.6036298009610503
1.6023351337981158
1.6042532627036823
1.6049705981259665
1.6066997920638793
1.6045969666192084
1.6038999286467990
1.6042792535226338
1.6033300449542223
1.6044137287043183
1.6041609150777889
1.6016446641729127
1.6062652320997801
1.6037704688988013
1.6002275131209174
1.6036889868652666
1.6040189124229594
1.6021101145032772
1.6021734106306238
1.6010569926700897
1.6010831698956314
1.6020302855632114
1.6021226536889983
1.6034234665112705
1.6023413161352662
1.6023005837877136
1.6034135657539610
1.6045348068006173
1.6034111305436749
1.6013876575687704
1.6033467697423935
1.6050374883304741
1.6032171283563328
1.6051020207621673
1.6034194801845121
1.6022760410084940
1.6025008286586073
1.6039050465158102
1.6043150120532887
1.6006460661417701
1.6004460303205619
1.6011896240107728
1.6025688118867958
1.6005169291416990
1.6024541690780316
1.6020098063180865
1.6038415712006837
1.6035704901882355
1.6024963770237866
1.6048860938521676
1.6043411853690417
1.6015621418206143
1.6032953954136313
1.6030837089935988
1.6020291075584321
1.6042374972719058
1.6000063399990354
1.6021359176782979
1.6016818784954439
1.6005405175423435
1.6035195448836954
1.6036901466686928
1.5998812521958963
1.6030448338875711
1.6007974287665050
1.6032606811561385
1.6010718008142637
1.6018071861009202
1.6011323064459266
1.6040822628929301
1.6009119053120231
1.6019955361157616
1.6036461988916630
1.6032666088274352
1.6035741357450206
1.6030792365752313
1.6034492736770514
1.6013259013817089
1.6042089773633461
1.6016422894985400
1.6034471558869308
1.6011149065464583
1.6021459082190423
1.6005400989780461
1.6031327065963050
1.6039701009834797
1.6048927846507970
1.6021560971841846
1.6029814401477123
1.6058384072052594
1.6011736706146242
1.6038037695485212
1.6024658972683097
1.6022006348709346
1.6027615950661400
1.6013407642503945
1.6025885347471520
1.6036653930277434
1.6027247208986453
1.6019083733306148
1.6000814482311967
1.6035931836132746
1.6034933094893715
1.6061435190920059
1.6037923096205635
1.6066990528950376
1.6034594993182802
1.6046252148607663
1.6035584150019926
1.6028584642361838
1.6031404203587276
1.6015767653593131
1.6043472843749911
1.6045411021116378
1.6049347134907179
1.6013110234189929
1.6061665468585660
1.6014672992789076
1.6045445356498613
1.6019401152589243
1.6019365156181229
1.6040733291729394
1.6033619825192829
1.6018240690826147
1.6058997777009292
1.6021110388819579
1.6008090571604683
1.6022995575302426
1.6015178375733909
1.6046484455063013
1.6031994959645446
1.6042504000489670
1.6013179414212741
1.6049308787801724
1.6067635807745526
1.6051397440889059
1.6048653677087628
1.6000529047337881
1.6044916921678996
1.6047303474756651
1.6045737005469050
1.6057625500979942
1.6055143903555231
1.6050185066528062
1.6004757794635340
1.6026914821659179
1.6021594434311786
1.6049310755462671
1.6033739521807830
1.6033739521807830
1.6029648179551701
1.6046376349398950
1.6042585825614641
1.6033748680673965
1.6024384716396345
1.6061883728307469
1.6035583055156348
1.6058056553626807
1.6045936717721341
1.6032511995651451
1.5996349900667131
1.6000747552677128
1.6042046179270841
1.6021734986558493
1.6051888386002875
1.6042862979449184
1.6028442824046878
1.5995031988474098
1.6036352408472712
1.6006665080056437
1.6042134012049720
1.6061910439103217
1.6014768422847607
1.6003483918662245
1.6013871917707827
1.6022593441171578
1.6034093960559386
1.6030597922658241
1.6023905031667336
1.6005344356615654
1.6009460261287105
1.6002919570102161
1.6034708738146630
1.6058830714569980
1.6047189070398431
1.6039361063841300
1.6029644391821603
1.6030910972989150
1.6043544701930483
1.6017432474355102
1.6032618341811604
1.6026942072160408
1.5985173499933070
1.6015964778121916
1.6024707331481338
1.6020615324609666
1.6055239751043455
1.6012080549763785
1.6013797969453787
1.6041250116514794
1.6044279885071928
1.6032663693693356
1.6021833620458725
1.6033311341490035
1.6032632397173940
1.6027244847332911
1.6061381580119178
1.6027526335745634
1.6052525795664789
1.6042359083242299
1.6049520411130240
1.6049520411130240
1.6052496490143335
1.6048482395500674
1.6043469047639380
1.6043815010811830
1.6016195132598479
1.6018343339131587
1.6032365681115222
1.6050361238399116
1.6000542816564054
1.6015329779537124
1.6031819943559156
1.6052171156931438
1.6003770911095561
1.6032201632658696
1.6015564274121041
1.6041309962242418
1.6020339301131914
1.6005729727806335
1.6029945425696293
1.6041140094295203
1.6026713737282152
1.6009545980977176
1.6036186456467405
1.6017214016228793
1.6066691260685386
1.6067162233753665
1.6067162233753665
1.6034540710807692
1.6047535602489820
1.6055006226867774
1.6034113405380626
1.6022141105486807
1.6044417757114149
1.6006614973686686
1.6026708256629101
1.6028101148287763
1.6027668597272759
1.6012347259214279
1.6031213604099466
1.6027622998284015
1.6041152832356376
1.6017429644356445
1.5996743913946407
1.6019818862885666
1.6035714809499224
1.6037750966450111
1.6037193156762011
1.6026206174260988
1.6037125531103589
1.6041206481422210
1.6038533497215353
1.6027626651686826
1.6024165592766182
1.6029654055037044
1.6052199304426185
1.6031566762641882
1.6024145551311182
1.6041824824838438
1.6003555654262145
1.6018664199542607
1.6021124599772565
1.6026556894352599
1.6055531640051743
1.6056599117283459
1.6020585574720445
1.6021206274168946
1.6026443049656323
1.6022615835708582
1.6035755153403366
1.6022879283507683
1.6037403441875855
1.6035691582375433
1.6028769411276560
1.6025450580004874
1.6067825985436490
1.6008218693357690
1.6027574711514145
1.6025870776035747
1.6050581916890865
1.6021693842391898
1.6032216234078531
1.6010408986993843
1.5999575766794654
1.6031004928582606
1.6041051901238570
1.6038178513298207
1.6027860804378780
1.6023565379554399
1.6011158769101999
1.6006201572652332
1.6044699296712446
1.6046719568850176
1.6031539553909508
1.6025982547083595
1.6026790516297875
1.6036001913710454
1.6051711187624460
1.6048334463419363
1.6019345198182433
1.6045566373773856
1.6039509465922768
1.6022191223829547
1.6012479990508390
1.6004587696760393
1.6030931210167370
1.6007242773615036
1.6059775126041347
1.6041715252006918
