0.9678757090441810
0.9696551929535454
0.9667759264971296
0.9616990480064285
0.9663690592204524
0.9649469265801824
0.9707523671068090
0.9592617011280344
0.9639377975715315
0.9604857170840078
0.9671590004269698
0.9706517958318495
0.9616468924144170
0.9623739286714931
0.9629296327186408
0.9632128563138540
0.9635484640864546
0.9623829583374627
0.9661325637085186
0.9616775123251918
0.9603605830686549
0.9623581024320617
0.9649948822143500
0.9593203748026897
0.9597334804486373
0.9551391718616765
0.9637042021352153
0.9593940067605656
0.9620269820503027
0.9635052862431918
0.9610486870988691
0.9737135512973449
0.9628030884183579
0.9584278294755622
0.9686321114096852
0.9646099708833150
0.9627491631458048
0.9628600921717971
0.9704927126524392
0.9726094395490685
0.9626671061559651
0.9597721324870446
0.9633328198302538
0.9650867951800858
0.9641854680146210
0.9641033260630016
0.9659231810282102
0.9601619025535355
0.9622091383785308
0.9639927943972966
0.9680963325983359
0.9524271844025032
0.9643297058861751
0.9573446114682036
0.9656336020236489
0.9660601323234121
0.9646130480749182
0.9635487538326922
0.9680673581397301
0.9718263754021801
0.9681322208932374
0.9668088666650068
0.9625549989291590
0.9596015965044515
0.9598337571073324
0.9610973629922086
0.9618829748450018
0.9618666260678501
0.9547177528567830
0.9612677776005295
0.9611163177498108
0.9616675876134358
0.9618448038671991
0.9660451894558720
0.9639002658901096
0.9640883006256966
0.9620946432997803
0.9702665416727887
0.9565441230304818
0.9619431866736809
0.9610142865389040
0.9670107389355890
0.9643402936868034
0.9618953551017201
0.9600686159299390
0.9587724885874114
0.9594182212837599
0.9611344995091166
0.9629625479532932
0.9623198070359471
0.9692112447478687
0.9607379731485360
0.9624489193969346
0.9722677431633090
0.9631889297123479
0.9629196898866978
0.9597024622756954
0.9612282416930074
0.9615605820509815
0.9681898388224928
0.9715630173172225
0.9585605761149667
0.9676681965332821
0.9649173872120561
0.9729318672867024
0.9680332284899229
0.9638012225948752
0.9657886483686020
0.9670636816554595
0.9647526967618125
0.9611495710970664
0.9670463661424393
0.9649916668902813
0.9649233950973265
0.9654738717676841
0.9681765761896689
0.9656002096935474
0.9645098745123197
0.9627527979500117
0.9631868197514972
0.9665359679584143
0.9692083481178934
0.9587415420618774
0.9653548328852455
0.9638171718443084
0.9617427470157368
0.9617037393773371
0.9645601606320769
0.9628977155808117
0.9611029237231745
0.9656210163754051
0.9661527652511519
0.9626559126350834
0.9680914276231873
0.9614343858734316
0.9657712531754465
0.9670959611533753
0.9709178050051973
0.9621235906770624
0.9601429188765364
0.9629794200836784
0.9643439272955432
0.9567724186551083
0.9616284526422026
0.9653072692182916
0.9694821086055769
0.9654170912320131
0.9598109626817930
0.9569798447205321
0.9653781085151679
0.9658245170967235
0.9638689322805434
0.9580139764828148
0.9578878995940237
0.9615330964907712
0.9624277642709580
0.9645195757482719
0.9642530077878507
0.9652121646390714
0.9618717797548846
0.9589131939815007
0.9589433420580753
0.9634944823427612
0.9614335592326297
0.9687607499803158
0.9613036926234042
0.9634973269007107
0.9674388052380888
0.9609901920135527
0.9646047658289777
0.9638564859195883
0.9622655316109052
0.9635921130772399
0.9594109498961682
0.9600255663114138
0.9649701039724968
0.9678513595402050
0.9620974022613921
0.9605719458146058
0.9602074851970342
0.9655585410621832
0.9669216064266464
0.9638955275552152
0.9615664827573734
0.9614775102957651
0.9648311873214975
0.9543569869244294
0.9667661784524182
0.9625255488877086
0.9575929086277548
0.9592730112418155
0.9664345328013669
0.9601701522388590
0.9681971352206420
0.9642332352540771
0.9624389704629079
0.9623944036459913
0.9638140654779886
0.9667541280903958
0.9638708048585037
0.9582747416038239
0.9614643636851842
0.9637854193677612
0.9601239956646133
0.9670816211075738
0.9650934667756489
0.9681004232278319
0.9629407237308614
0.9606113313305986
0.9638145008976129
0.9647516203822648
0.9675746785636236
0.9611887577059657
0.9623772561780044
0.9578932523137935
0.9609516162727757
0.9642819109828680
0.9636743911398151
0.9677373275064429
0.9652221335810580
0.9584362121755280
0.9615169754270382
0.9663657417903102
0.9608466022583636
0.9646164939696124
0.9652170575505947
0.9641058307422606
0.9640639291790448
0.9573568642960874
0.9606872804078446
0.9630358384267582
0.9595240212840102
0.9606407745265437
0.9605231756248427
0.9663744304337691
0.9664447500895429
0.9648058677457163
0.9631563276554844
0.9669855618653138
0.9567013531049194
0.9625742924708516
0.9606014910218406
0.9621783668010548
0.9695963691091940
0.9617939158219945
0.9656476827975254
0.9621432556019794
0.9629756166910711
0.9666354599995431
0.9571068621244960
0.9575751269798203
0.9679837502642397
0.9590881914146775
0.9617253644109034
0.9623367059460488
0.9634503133691237
0.9639603743681441
0.9514935283361740
0.9581554229306423
0.9627314167041614
0.9628739608662823
0.9666710123816847
0.9627216185672459
0.9596944062555932
0.9675128450184938
0.9563655803488467
0.9688941060230476
0.9622665442579901
0.9595260122992730
0.9616672382244038
0.9640551482364549
0.9603403096269668
0.9659062821728647
0.9594176657898145
0.9671085731287390
0.9652272319414135
0.9634740053436078
0.9626674557655287
0.9637819760963109
0.9618203456717053
0.9694148977749896
0.9585139780325903
0.9601668855932360
0.9650879139580361
0.9591195206697909
0.9620058696061931
0.9606529332630767
0.9626523983433665
0.9602414239630719
0.9618146061916570
0.9689829755091931
0.9644249678528605
0.9669752675438470
0.9605080205908250
0.9627481155848772
0.9644128148439328
0.9717679217331144
0.9606190816378559
0.9607054876286241
0.9610223880415039
0.9597234517767116
0.9613438617514638
0.9543729169885947
0.9685767913434730
0.9671383917764049
0.9679362770024050
0.9648837286427144
0.9580714293467908
0.9686693480973053
0.9608530723228855
0.9562794771591646
0.9650746340497279
0.9631718545717436
0.9637794669751635
0.9599259343763413
0.9705524162823443
0.9647414063871933
0.9658337204798747
0.9601432867070099
0.9632789715736821
0.9652243403800796
0.9682881126845031
0.9592025083530247
0.9639262673086119
0.9624625000000068
0.9656992494176787
0.9568718883163322
0.9665922498854367
0.9617830129582844
0.9587930282015715
0.9653321825637334
0.9632376045159255
0.9619938056944978
0.9567376026209994
0.9603976898812796
0.9590310577553568
0.9703238218248671
0.9611780455754023
0.9706160052438663
0.9574481920089011
0.9619123146292652
0.9640325924523305
0.9632745631003305
0.9610357277450101
0.9565947295239123
0.9578499840065737
0.9566285407898755
0.9639965936679686
0.9597279096030104
0.9587867690053049
0.9621943063346317
0.9592549834586570
0.9653771108365564
0.9627128631506067
0.9602376677141832
0.9577630841224860
0.9615964788560947
0.9653528872520180
0.9636580484668995
0.9585909441806917
0.9636837357763062
0.9588965920635012
0.9702887079227377
0.9624328025529749
0.9671892021445307
0.9691588607634845
0.9673682011057142
0.9627435283054977
0.9666930354203599
0.9601644521175675
0.9662314730541608
0.9586201068159108
0.9603151732224554
0.9638593194177841
0.9597684108404442
0.9662234053300015
0.9702795270726007
0.9558913655322356
0.9596827203944045
0.9610026851964339
0.9661305784984294
0.9619751705398354
0.9671790474374237
0.9661820061248922
0.9612945402694514
0.9608972543611233
0.9663227581838872
0.9568836558090223
0.9610637877134049
0.9704420145685443
0.9628635849841185
0.9626347308836906
0.9624489275848285
0.9642050799039841
0.9681799009055664
0.9659691091854912
0.9612796793962284
0.9622420315083278
0.9622051065667112
0.9622672869945093
0.9633310557660191
0.9633772545557958
0.9712484510632013
0.9652061972139767
0.9561117148023998
0.9622205136809572
0.9602505082739595
0.9677247997642624
0.9606992653054517
0.9678449640126418
0.9620143586542470
0.9628751290961728
0.9677549470353239
0.9707143481794757
0.9604059227503394
0.9593282124233333
0.9577002123542415
0.9644981865824023
0.9625919403082392
0.9638681641265614
0.9633427297331114
0.9595203019746841
0.9618788353660253
0.9659080923529176
0.9653610440887317
0.9638755211075773
0.9641753833169048
0.9629049866285639
0.9617411322828270
0.9690211351019862
0.9607640993586558
0.9628978229517405
0.9668365108805255
0.9611323095995334
0.9561973331730546
0.9671520051236114
0.9638080040227521
0.9598702185919942
0.9625973886992865
0.9614420457593315
0.9625698533608832
0.9652972555044328
0.9668088745553630
0.9571024109144802
0.9622153511064929
0.9600187784715480
0.9657018559028255
0.9663169495186980
0.9681495713763633
0.9608193317866680
0.9665371712261381
0.9720712981677088
0.9678938284095114
0.9610481603590200
0.9696542031605432
0.9664663539609498
0.9606363473250294
0.9654491279580316
0.9612812631592180
0.9621148992234881
0.9625585657055494
0.9610211395217793
0.9669929848365447
0.9603662894950069
0.9618832523063431
0.9628438765378086
0.9683552225266543
0.9581906909371877
0.9610515163293172
0.9638899895418861
0.9649864590541909
0.9671216826997171
0.9599024703606082
0.9648455008772294
0.9675470893449312
0.9628210930403134
0.9626795779696621
0.9603042294045006
0.9699031566166882
0.9680488233808573
0.9540963056277705
0.9679285507825655
0.9670041196635274
0.9678002650351661
0.9590940614446535
0.9542383907406132
0.9597206418013285
0.9615661337556581
0.9637797465057061
0.9613559243581362
0.9622166348149859
0.9663172795889503
0.9651647988552141
0.9611928513884671
0.9687861219354117
0.9671774738827167
0.9597228060478924
0.9634349817575397
0.9666419888866000
0.9652039196113732
