0.6964734035855676
0.6933476348886061
0.6917308039642197
0.6844657675437660
0.6967470579024077
0.7061776262569754
0.6966622048898273
0.7032067060382228
0.6935734239219459
0.6971320575740205
0.6918246976670605
0.7025506478234587
0.6993322457461202
0.7059174829176109
0.6903435405229966
0.7022189874632112
0.7004493969310311
0.6976900628674084
0.6987632410770048
0.6975147826509316
0.7016840294308482
0.6998128074909806
0.6979665678360724
0.6936558204827530
0.7025222163636795
0.6984747203886819
0.7005083933245455
0.6928846910637307
0.7056293632741114
0.6988886253131725
0.6966093355156802
0.6878879414519290
0.6922465582781284
0.7043286397124536
0.7057255293906476
0.7048442713135225
0.7016077040832901
0.6953902684859710
0.7032914343440310
0.7070546610703645
0.6925621845649174
0.6955721553677902
0.7018883489293095
0.7071336119359487
0.7091592856140904
0.6986850348880436
0.6949593887654379
0.6913851755026504
0.7021559382809907
0.6921928594306499
0.6954196178431612
0.6849923026043617
0.6949518857780539
0.6950256818746988
0.7005919697290839
0.6951495843296155
0.6907561907417452
0.6921858299125915
0.6954821676165044
0.6936383108771542
0.6910005630101820
0.6861040013925661
0.7048852850305156
0.6935368743540739
0.6956497259115223
0.7005493470615366
0.6873400601718296
0.6975858606535321
0.6989505725062607
0.6901211803636512
0.7009090034789781
0.7047794622411560
0.6943658153830510
0.7010444150197178
0.7038399170502425
0.6953051986369236
0.7000283285772405
0.6977308697904814
0.6965057947291027
0.7006473174569264
0.6887611930971319
0.7053103155546059
0.6991148225089728
0.6972198508899529
0.7042113554212258
0.6973149078863189
0.6993022814886574
0.6931564980208601
0.7008532292299813
0.6911411961440092
0.7021130586059301
0.6976159487892915
0.7040954968549680
0.7080202995809529
0.7028291409608145
0.7012030082602341
0.6977870788829492
0.7029763587994167
0.6965225602254921
0.7116474352952373
0.7008262064264688
0.7019076682717241
0.6997113667905625
0.7097129828382209
0.6952703039520013
0.6995514828927040
0.6901617192847000
0.6987580236968963
0.7030026589419305
0.6996707466182515
0.6915222391483585
0.6960574329219260
0.6953351522115013
0.6988779732038362
0.6937379284148579
0.6880113033233395
0.6950003274850673
0.6943552308050478
0.6980689678643469
0.7015618369002888
0.6876583080470154
0.6955484322123513
0.6988283362096509
0.7000175230616786
0.6987809062432391
0.6937604210348973
0.6975267431220809
0.7079160124202959
0.6987455718992092
0.7002588342502895
0.6990060347064910
0.6967064710686411
0.6991280612909382
0.6930592040432793
0.6887102924834616
0.7015208708085529
0.7001625428952024
0.7004050324229513
0.6953069451812965
0.6945396928397861
0.6936614772532048
0.7043734157316752
0.6957401228355066
0.7000086276369325
0.6972852266769305
0.6969182094613824
0.6986570683122512
0.7030573967934142
0.6936585763701429
0.7014439011556146
0.6995923735092618
0.6993173493142336
0.6834599208923908
0.7034276060553246
0.6993069021040468
0.7041118094618264
0.6925646987039386
0.6929281900089430
0.7073174953832243
0.6975535908075621
0.6925750716682056
0.7012717008648094
0.6915057822408742
0.7057558096559511
0.6940005118349272
0.6971103196797935
0.7018053094060321
0.6936296860224656
0.6963972190335046
0.7028070227612867
0.6903471754462793
0.7043606660205580
0.6930508543590944
0.6941760443278808
0.7014617746977437
0.6952399273115419
0.6935290561682996
0.7044268689823925
0.7037245172832983
0.7006505950151443
0.6994943955899943
0.7033382060641316
0.6971221180118199
0.6863858795818006
0.6963629165298296
0.6940914695561045
0.7034335277748934
0.7028119841652175
0.7023316650481318
0.6951159574827490
0.6888335561895510
0.6934740837334074
0.6985392186690487
0.7008986017012189
0.6860001274443850
0.6987747633792162
0.7037915120503682
0.6988737405395324
0.6997162891134580
0.6920138758523157
0.6878314070103743
0.6925206471872440
0.6998527973771089
0.6998386595735946
0.6991434807865544
0.6974478939202716
0.7034769010077309
0.7008072951392086
0.7043037173092581
0.6959392190838216
0.7013762924829813
0.6948958515866727
0.6939613078689403
0.6924568244971960
0.6969942885011201
0.6967252582618727
0.6953107749955405
0.6976210152817999
0.6907497466498946
0.6981347788365753
0.6989958409410457
0.7022578869394366
0.7064073396351649
0.6993570689925345
0.6947473190196156
0.6929169368203518
0.6941036678129485
0.6996747731459115
0.7026572357136446
0.6851895717061149
0.6906701873664653
0.6886824089551253
0.7012222729878530
0.7024477863868689
0.7011776011653391
0.6945794492854698
0.6987489265606642
0.6906737063881722
0.6997459504977809
0.6959643123501000
0.7000243410052638
0.6954736127763853
0.6949541731659344
0.6991657401638660
0.6988143452448718
0.7068124854777830
0.6952495667432060
0.7042146041562213
0.7002509969616383
0.7003317658318476
0.6926139566941030
0.6892585654398308
0.6915782072948080
0.6947456818083833
0.7002322823849995
0.6885526900581166
0.7092252726072126
0.6979011506134235
0.7005034588771323
0.6946357855014992
0.6955248831421867
0.7058406685703544
0.7027633563079078
0.7012911402587116
0.6959849448027470
0.7052455321560028
0.6920706850882783
0.6961180411757648
0.6944591713128783
0.7020629285488431
0.6998988730407092
0.6966215879672403
0.6946446974457897
0.6993037393224149
0.6889343317791594
0.6979562594434841
0.6977978119080875
0.6936098331533045
0.6884677028682085
0.7113620229313269
0.6795158120779586
0.7027679624185710
0.6898400693533593
0.7011564317286383
0.7028837005748622
0.6957330629308531
0.7049789962944634
0.6939299722211080
0.7018894923244241
0.6965752129423355
0.6984301050643134
0.7031471000666031
0.7022753053081366
0.6950020327127894
0.6947601877415088
0.6972310245282425
0.6993729000763854
0.7068663766178528
0.6955452722296407
0.6936716543272335
0.6993552990258795
0.6974713566657920
0.7016675896527830
0.6921541660121424
0.7101371429358778
0.6988651286318659
0.6992280677589260
0.6997357174132823
0.6972491704852446
0.6950611643783287
0.6930807947326777
0.6991218470725338
0.7015810533989072
0.7021472191196272
0.7023323519100457
0.6963475642075413
0.6936792123727058
0.7030126674115332
0.6895415916630291
0.7042399681627505
0.7035973300174235
0.6923000208401558
0.6961173633582188
0.6933483581826709
0.7033536565301769
0.7019255236034071
0.6980152388885594
0.6955325364889711
0.6927114220647925
0.7009797815310869
0.6972016022575311
0.6941736904130915
0.6969021280465370
0.6983087236214901
0.7033144321520515
0.6990343067684655
0.6994463272434467
0.6947440839497018
0.6958072430738500
0.6966440885853239
0.6916279546509276
0.7005533748131888
0.6928919935065733
0.6992620143365780
0.6935546073849190
0.6996134226716600
0.6943880635005284
0.6924463173095978
0.7026316432701251
0.6967106228595399
0.6978659351042940
0.6989310288650872
0.6964936116287761
0.6938903993032718
0.6980862821490281
0.6881116208728572
0.6917942815498754
0.6927204820121061
0.6961289300746270
0.6935229552349719
0.7047784728594884
0.6884119986199381
0.6919556585527870
0.6946074530955498
0.6968781436168704
0.6923105651671611
0.6953246083028790
0.6904967040622471
0.6890721271471496
0.7041872210475473
0.6919701752500916
0.7029089067495663
0.6927357228289008
0.6987683251442391
0.6981899592889945
0.6909226325199905
0.6987163123865324
0.7005518290823155
0.6931235279576413
0.6991779223825377
0.7001612402932363
0.6988454165453533
0.6919064883002671
0.7030429801405649
0.7025021358268841
0.6979120122513184
0.6915399994143592
0.7041261587614479
0.6964151353043631
0.6929448481745308
0.6967531601894195
0.7038558872761678
0.6949771823342986
0.6972451175838716
0.6990002175011301
0.6963757799397061
0.6936955783055618
0.6913668973529637
0.6933288970217450
0.6948059627417458
0.6956838724956806
0.6924970755355779
0.6925528576330968
0.6990912714785190
0.6989251943244231
0.6972928706792917
0.6870281268910675
0.6904297291485909
0.6932761165132084
0.6933435922398433
0.7058271623327369
0.6979219815747993
0.6938008737062862
0.6938984974110654
0.6925976667806285
0.6964787402554738
0.6963903807002734
0.6981871269395836
0.7038016987766692
0.6974382325310260
0.6968294878178727
0.7011796137488890
0.6950215280535290
0.6950957299837943
0.6988380319867094
0.6958625637113091
0.7015789163667796
0.7035324250368894
0.6999260010949944
0.6912010518641603
0.7008404540628397
0.6886746271794307
0.6976740715764499
0.6914553830549464
0.6965404388097453
0.6896990142809131
0.6993522179372172
0.6986592647055180
0.7006861870372718
0.7023876198275029
0.6949258324408384
0.6885004668493627
0.6958125066017106
0.6938227536695705
0.7101367200957927
0.6947147343905625
0.6973007589840191
0.6960631111359562
0.7034389611292643
0.6872163882810347
0.6988664461843571
0.6923455504440216
0.6970429733724177
0.6899823821209907
0.6961188079328386
0.6962596463153397
0.6921466429488029
0.6975319285549364
0.7049014982268038
0.6989504314824052
0.6965150959127087
0.7007489346748637
0.6942595232353080
0.7002569917557609
0.7003211299549547
0.6886481437479458
0.6987142614773153
0.7011831896410803
0.7060460695019738
0.6959170412479887
0.6974678529745134
0.6955334864695399
0.6973258064924519
0.6942579239783253
0.6947551245124554
0.7038774662636978
0.6995918907809210
0.6967418249272993
0.6978935938160882
0.6998299433945522
0.7060861173740031
0.6959577618094863
0.7026195310991080
0.6944081319791746
0.6946434782069792
0.6983074948497359
0.7010047719102832
0.6959371493408111
0.6950206028632210
0.6939068852901681
0.6954482145636193
0.7005343226836112
0.6942279230652172
0.6938596041541721
0.6956547098955607
0.7068144825186968
0.6924774037390991
0.6933864380204477
0.6989373053480680
0.6941366029446397
