-0.0596629017774115
-0.0655274238457504
-0.0511564107107665
-0.0667995055378263
-0.0567407093024371
-0.0620105026726746
-0.0497989100250216
-0.0611311420398262
-0.0706342355719015
-0.0724306647625611
-0.0617914967182036
-0.0620307711038608
-0.0676706845037479
-0.0686939267609204
-0.0674328514456497
-0.0558662205773933
-0.0648557747865702
-0.0603998964521151
-0.0643593639039378
-0.0557323492673930
-0.0581244809394614
-0.0785260746976157
-0.0632349335121569
-0.0506550433032996
-0.0733742435229520
-0.0629378880335761
-0.0540418155459989
-0.0628435508302724
-0.0657400448994963
-0.0540893476774271
-0.0513581609830666
-0.0613059946843428
-0.0563064707638131
-0.0753679101391096
-0.0739930669597539
-0.0579347319443627
-0.0570006029494684
-0.0505207414432317
-0.0653247975197457
-0.0657873365699399
-0.0562814864189422
-0.0659156448109338
-0.0497694489062130
-0.0605223051286073
-0.0548972179814332
-0.0468333507274011
-0.0538075765079554
-0.0485589656619027
-0.0699028991569971
-0.0587484812240886
-0.0565907140456157
-0.0513174112590619
-0.0778938337681394
-0.0641226292982271
-0.0635110786335865
-0.0545601037780631
-0.0578335130622766
-0.0585550716169165
-0.0612581182052271
-0.0699405922737296
-0.0523933157506292
-0.0766188624649344
-0.0526596884759902
-0.0543876625589218
-0.0737638698806050
-0.0476760988161019
-0.0561583766581070
-0.0683382512675875
-0.0616847670841180
-0.0614701585005729
-0.0567038714112781
-0.0638277106882927
-0.0621922104787884
-0.0619700162466266
-0.0663383877796168
-0.0527781997019077
-0.0506736222580441
-0.0551673876344420
-0.0660530728998552
-0.0524976134369425
-0.0649045278276532
-0.0514263954807078
-0.0483733653923537
-0.0522419621996150
-0.0532543585231671
-0.0672212677594574
-0.0471950183588056
-0.0697076238863791
-0.0667521536589417
-0.0541710279899971
-0.0549578068507814
-0.0570027857392291
-0.0525210779178580
-0.0661798217051584
-0.0538221360491197
-0.0577731117882791
-0.0674782633727857
-0.0550688322289096
-0.0688525856120213
-0.0555255446361993
-0.0741557503808410
-0.0590985928908316
-0.0599703698987297
-0.0513202076943209
-0.0585136608375406
-0.0540953870093071
-0.0626564272037722
-0.0538200638026077
-0.0717750938540583
-0.0601762560667635
-0.0677993327987963
-0.0504229951212138
-0.0556153267612981
-0.0532771864716045
-0.0513661334760567
-0.0666377435371307
-0.0521448358758786
-0.0728631001610515
-0.0716050210644137
-0.0641598133097140
-0.0536334799445965
-0.0558768396030500
-0.0554914412333625
-0.0680212086122112
-0.0578049403009770
-0.0698759371285493
-0.0604704815083046
-0.0545922821026514
-0.0717276472481295
-0.0578754208041227
-0.0715878501362573
-0.0687787115950582
-0.0512319257185794
-0.0654206248921995
-0.0530145357556434
-0.0713392696940834
-0.0524528227336243
-0.0636951789273982
-0.0520376212425889
-0.0587796528602362
-0.0623842133649864
-0.0625580321499550
-0.0550661539653400
-0.0635994994819910
-0.0574824260627081
-0.0683062704375735
-0.0620231030134602
-0.0659216642424817
-0.0564866607576910
-0.0575942627239713
-0.0667015863487091
-0.0565785958085915
-0.0470997308621800
-0.0590260313403873
-0.0584517027949738
-0.0499640627949956
-0.0450840866387433
-0.0653236138210381
-0.0556316743549028
-0.0513849060702474
-0.0575528333505162
-0.0644378808308069
-0.0624511619139997
-0.0593397317760121
-0.0530252803360362
-0.0730680028370733
-0.0546735896156450
-0.0617232131883363
-0.0496837204482210
-0.0659089529340079
-0.0652281305673120
-0.0516501991100966
-0.0565085523867095
-0.0681542904295497
-0.0594718669021712
-0.0623973564614163
-0.0619403541280229
-0.0582349828042501
-0.0655756407598238
-0.0712717214462473
-0.0645641224097839
-0.0405190207367153
-0.0633041346199430
-0.0514344632103045
-0.0479216237578987
-0.0671058941035890
-0.0572052623186505
-0.0547019720985197
-0.0613936312126178
-0.0593163290854690
-0.0613938953147780
-0.0572118657213562
-0.0701350227939582
-0.0483141592379651
-0.0555246274762594
-0.0585256035005474
-0.0512736983634771
-0.0649700682819006
-0.0556333415769017
-0.0474578749252498
-0.0643251272101126
-0.0615515119107257
-0.0564647812210939
-0.0549993472619877
-0.0578351899197435
-0.0513213433925031
-0.0628511618735353
-0.0808288046402052
-0.0673421993471959
-0.0661963855378833
-0.0588812177695583
-0.0602784363633472
-0.0543298822671508
-0.0635946832714564
-0.0672996658734735
-0.0565634361491917
-0.0585396925021692
-0.0770018466462754
-0.0586295148818095
-0.0609551668599821
-0.0663609194038052
-0.0650407462736520
-0.0542960691728420
-0.0612792076636290
-0.0570113250874441
-0.0641351307223428
-0.0671919529378378
-0.0703221856784498
-0.0623576818397067
-0.0640780103320191
-0.0430025357512027
-0.0584333340048495
-0.0627121582406428
-0.0731479360003248
-0.0721224512700051
-0.0699625961643198
-0.0570471472838923
-0.0692949167307224
-0.0676699207040801
-0.0632444293968472
-0.0612660539187683
-0.0552374566553940
-0.0593207837570261
-0.0549753829118615
-0.0660756272932572
-0.0705060735147392
-0.0587374308048545
-0.0591773842805391
-0.0577135768662105
-0.0656028437791376
-0.0601291117807177
-0.0557634936821159
-0.0658407105122640
-0.0619499144309251
-0.0684299404992818
-0.0622010607983838
-0.0558713460839101
-0.0637486824124133
-0.0513004953545152
-0.0660635604347786
-0.0579217173759789
-0.0578479722186623
-0.0519923602502468
-0.0710676529991361
-0.0465455720383551
-0.0530160122504548
-0.0640381092153927
-0.0643851181518991
-0.0537546021824973
-0.0572923729361658
-0.0644430636879864
-0.0667907113979296
-0.0672222025537961
-0.0699119701128313
-0.0563686767225782
-0.0578170524334627
-0.0636176332386093
-0.0736098943974188
-0.0541982753856871
-0.0599846808817366
-0.0631175008490713
-0.0646316391003834
-0.0643896004478758
-0.0748849622111625
-0.0552095821186039
-0.0676466639656230
-0.0620565590229600
-0.0725281020906902
-0.0718537418479397
-0.0538421187999558
-0.0571053901952265
-0.0656312887707389
-0.0611100985276656
-0.0658882684977999
-0.0613533862060766
-0.0475058001902891
-0.0537763762339470
-0.0559692153228264
-0.0644048781850538
-0.0461775167190689
-0.0639868266218249
-0.0768374908561723
-0.0623581499614644
-0.0574333039635258
-0.0491957227439626
-0.0663167223239211
-0.0575203034144481
-0.0570327131234018
-0.0580456056531432
-0.0532930728333385
-0.0736558667458027
-0.0638290657470286
-0.0488327124031221
-0.0616124500833996
-0.0680244205651111
-0.0454631175610950
-0.0578496176250034
-0.0640511070065382
-0.0555537146581891
-0.0621182256356460
-0.0462799078330977
-0.0676433842444494
-0.0461731179136337
-0.0630549626695404
-0.0511029349307032
-0.0592723531176106
-0.0593120778633005
-0.0657504682903987
-0.0595593045752899
-0.0618860732198022
-0.0570611411088698
-0.0718486810155716
-0.0495722635613702
-0.0502595285343324
-0.0567868147684441
-0.0486275764891249
-0.0549152563452516
-0.0563411494023645
-0.0495184836276587
-0.0794885061471872
-0.0501217666018109
-0.0520479865206078
-0.0709583041311466
-0.0557479650813221
-0.0633555221711023
-0.0580633848056290
-0.0607985399783273
-0.0608549764159673
-0.0703626730804714
-0.0688232519758392
-0.0689843983679468
-0.0604111658068356
-0.0619697460360949
-0.0574440965213972
-0.0499577368803683
-0.0665013519580265
-0.0601124682278033
-0.0621147715448451
-0.0609806335654501
-0.0652257360215327
-0.0562674742706109
-0.0598375871507541
-0.0560774694224919
-0.0624867377536477
-0.0591346326906336
-0.0581881827364767
-0.0615766742862699
-0.0648780167324438
-0.0532961254797248
-0.0672996916112243
-0.0493071520281727
-0.0642351492290815
-0.0689993070212313
-0.0579986167149356
-0.0632222969995552
-0.0725510656151508
-0.0525071927910361
-0.0780696752321189
-0.0671006311826813
-0.0572546166024440
-0.0667600050425703
-0.0621668303511608
-0.0548537040709314
-0.0533427202145586
-0.0763843934510853
-0.0633511727972959
-0.0694397322380262
-0.0566755329365461
-0.0554205722133546
-0.0610494137739933
-0.0659289032906107
-0.0611664346629768
-0.0555583389371770
-0.0656067824232529
-0.0645105592014952
-0.0649252260176498
-0.0593886296321926
-0.0654698757525030
-0.0440144103089034
-0.0550791754285249
-0.0504040803416238
-0.0666362387510357
-0.0494674342221769
-0.0603826913826969
-0.0675605268157251
-0.0548212237803179
-0.0460116898386891
-0.0599557310266503
-0.0638356698067344
-0.0512155227824847
-0.0599260153292624
-0.0561082829980969
-0.0584280796126844
-0.0624399282201006
-0.0617264183984097
-0.0547032915848659
-0.0661866147146095
-0.0499281366833753
-0.0569798829047589
-0.0715423983925989
-0.0746561435146680
-0.0596305863371957
-0.0739612650987378
-0.0643310756567368
-0.0574744945077867
-0.0583017901145096
-0.0701456121330512
-0.0504066178692948
-0.0604808930527400
-0.0532974392089377
-0.0714750466375794
-0.0581123891271558
-0.0640528987150373
-0.0703873739320988
-0.0661340711315526
-0.0651825118413082
-0.0731549320274685
-0.0652228454965309
-0.0525000001980780
-0.0683343943962334
-0.0694608710582231
-0.0682752678882156
-0.0491386448822915
-0.0654696586731771
-0.0613450953846585
-0.0696042400205622
-0.0615876945425092
-0.0592720304504387
-0.0601571003582533
-0.0554945435581249
-0.0553895743491203
-0.0585703786089484
-0.0682050470121083
-0.0547391931956948
-0.0719540442244404
-0.0737739832960260
-0.0583257583047670
-0.0539651366253177
-0.0627663798329440
-0.0584875769705291
-0.0616317403151612
-0.0583665401521991
-0.0728308511080384
-0.0591686054831051
-0.0606816652021952
-0.0656971990531144
-0.0433473715465671
-0.0618901303912630
-0.0660481208584873
-0.0607841548056089
-0.0524604142918181
-0.0673600063941816
-0.0551220355635278
-0.0507246871191287
-0.0642979387569844
-0.0587712163663541
-0.0646671353636567
-0.0668024113517433
-0.0689016039549218
-0.0541979117645127
-0.0663563822730903
-0.0639174423265035
-0.0620610336767371
-0.0608890451581749
-0.0636628618061633
-0.0567213106290088
-0.0685636774019256
-0.0764790603515295
-0.0637999060795901
-0.0600614996532218
-0.0623916317315661
-0.0579906305858352
-0.0595695590077445
-0.0550314788369459
-0.0582360085874474
-0.0572326843460544
-0.0782023527827230
-0.0522974498618127
-0.0674408379552779
-0.0706795935222583
