-0.7474207566155359
-0.7348797503512898
-0.7374535736522883
-0.7499977198704212
-0.7403280043458064
-0.7507715965075957
-0.7423523842449270
-0.7463216870324716
-0.7398004231803651
-0.7443906749988222
-0.7508742653520664
-0.7406891186788223
-0.7466049743540251
-0.7446473196191290
-0.7401892637099451
-0.7490424510850012
-0.7476141256442509
-0.7473559993197486
-0.7479707314261314
-0.7441892395379164
-0.7444290361445645
-0.7458749249533857
-0.7420190759072431
-0.7490378880916922
-0.7452685497544156
-0.7425874149849125
-0.7398710454542853
-0.7456704369121467
-0.7402237480194600
-0.7427846581655970
-0.7432715875577017
-0.7444243446877479
-0.7418613998737140
-0.7463106766082659
-0.7385942946991801
-0.7472719634893374
-0.7465865146460113
-0.7498802423647786
-0.7538301211777919
-0.7470178923559123
-0.7433676357517101
-0.7498892661301215
-0.7435540206309986
-0.7402761186256887
-0.7395728909185018
-0.7461576807265503
-0.7493088567990537
-0.7492533464949960
-0.7452097126302493
-0.7439122301475615
-0.7389795952303435
-0.7481315653571650
-0.7440106370120620
-0.7392074879137683
-0.7464827660044723
-0.7483794931718097
-0.7408954891046203
-0.7435848112782056
-0.7435586278086698
-0.7395461092072649
-0.7396393195427244
-0.7438907752619804
-0.7452230187288306
-0.7368012075739708
-0.7508077015698071
-0.7473226117447570
-0.7414532514142230
-0.7484534722625001
-0.7468180983064538
-0.7471899650971870
-0.7439864058333191
-0.7513295810425555
-0.7471862810670457
-0.7481265895580800
-0.7407754435256408
-0.7487995233600795
-0.7417929836935045
-0.7418937405713130
-0.7519488326695591
-0.7501372024512274
-0.7432472357644031
-0.7423019054128646
-0.7426032143203584
-0.7481953027465414
-0.7450287157617786
-0.7447084313129814
-0.7426885153262807
-0.7413795744823651
-0.7459060367468162
-0.7394808093651883
-0.7465352889026048
-0.7564284429448256
-0.7371481208072234
-0.7473124999166689
-0.7471675460350581
-0.7453591974452245
-0.7504626840966638
-0.7394328196037138
-0.7534827874445140
-0.7576817953995016
-0.7449368519838702
-0.7480959152810336
-0.7525191561598785
-0.7451430373554887
-0.7488777155047132
-0.7524375337540204
-0.7589189316275813
-0.7428683096741497
-0.7469410911563940
-0.7434915801970594
-0.7517755680206113
-0.7480759644673214
-0.7392342554636401
-0.7509876507204620
-0.7449503726490986
-0.7438686156880486
-0.7518027080725567
-0.7478319806207910
-0.7385789129775320
-0.7483981141235616
-0.7407429647518068
-0.7380531520812071
-0.7518503909950023
-0.7514721257686804
-0.7461008300737948
-0.7387609684150165
-0.7397776657453048
-0.7407172738220172
-0.7368235384880792
-0.7470699996460624
-0.7530605873280912
-0.7490226755805018
-0.7450134382499101
-0.7455584581064075
-0.7502578433704187
-0.7470104279286907
-0.7532575857501500
-0.7473493361714852
-0.7484624219647119
-0.7475950299375200
-0.7414209228700911
-0.7430256813945102
-0.7458812616258073
-0.7405259816798884
-0.7480011406232907
-0.7487937453491909
-0.7325742035995595
-0.7514559511333839
-0.7390240248849279
-0.7462240369466872
-0.7462121919848660
-0.7471036647562523
-0.7455145944728419
-0.7490739961966845
-0.7471666973530093
-0.7396900466434490
-0.7421337925569181
-0.7416871850429346
-0.7452200817892383
-0.7450641768163082
-0.7459913915172877
-0.7471576695099378
-0.7521818666127740
-0.7496968043890311
-0.7423593621896180
-0.7418342808972929
-0.7461426494156472
-0.7466619187709862
-0.7415869797451217
-0.7388642691818670
-0.7440469148247895
-0.7516052819733261
-0.7434947000750701
-0.7441390774686928
-0.7531737926014742
-0.7501863142390963
-0.7459317025469786
-0.7428167169093598
-0.7497969045755111
-0.7521390661088525
-0.7528218592876853
-0.7456285691907816
-0.7496958526375691
-0.7474787363150827
-0.7566005856919450
-0.7486046765113998
-0.7484979705420191
-0.7429743740797723
-0.7460036441174998
-0.7509162970873350
-0.7421309985720324
-0.7434419674424489
-0.7426052839973510
-0.7500304111798394
-0.7480589801029935
-0.7488221977114619
-0.7534151230483531
-0.7468276155977754
-0.7476320800281457
-0.7418811986554922
-0.7513490513524659
-0.7440284392295610
-0.7325512092667464
-0.7512906532707789
-0.7419662151464724
-0.7418442924184949
-0.7489446406279001
-0.7398696022172008
-0.7441666159064783
-0.7349341051816325
-0.7480145771841914
-0.7451807929671779
-0.7543042131181148
-0.7482551436397620
-0.7390777920119537
-0.7391586719908242
-0.7451373413152086
-0.7459063042231847
-0.7442120375140788
-0.7441415393247763
-0.7400995025089208
-0.7477585423498814
-0.7476706792168532
-0.7505972982258489
-0.7445703158351518
-0.7541195508459861
-0.7416794815889624
-0.7434102748031155
-0.7503333122566416
-0.7381563639096321
-0.7434135398966100
-0.7452617799968743
-0.7456626456066759
-0.7421137580088221
-0.7448397558771390
-0.7415076690383471
-0.7498184878918747
-0.7490682545881250
-0.7485474887654255
-0.7475537185873483
-0.7460540955733839
-0.7468768899899829
-0.7489540787359952
-0.7411950006884485
-0.7469373501978793
-0.7493465515366213
-0.7471176561569075
-0.7382152429378093
-0.7515422321138372
-0.7426907205308170
-0.7469443119100723
-0.7475695712064269
-0.7514078029660241
-0.7454088002194309
-0.7461924925239261
-0.7385666503556498
-0.7487716646616953
-0.7513514790770878
-0.7386701650025811
-0.7375571107398599
-0.7410149898659295
-0.7384919147673383
-0.7538068364247488
-0.7468735640021196
-0.7413618818676665
-0.7481547715124166
-0.7480830569673331
-0.7481042798457187
-0.7408295727048443
-0.7448641516270347
-0.7395742422080350
-0.7524628678238916
-0.7419040386323362
-0.7415678749108092
-0.7463955274249647
-0.7405106840975635
-0.7538069833640236
-0.7525780403388289
-0.7544606059212972
-0.7542521436638722
-0.7537882850768709
-0.7500157052113307
-0.7472178053114302
-0.7515097788781864
-0.7437945132879994
-0.7481718470885970
-0.7554212476882615
-0.7423626673805411
-0.7483450899863419
-0.7324051148229767
-0.7428595688635937
-0.7494605570327291
-0.7531998928820911
-0.7497731476887606
-0.7457160554117911
-0.7435133235857739
-0.7420123756691566
-0.7478494359057266
-0.7523733902504829
-0.7494508857111822
-0.7415935077907495
-0.7457172710305993
-0.7440338596604318
-0.7453291287698751
-0.7455136889303706
-0.7430884178340234
-0.7534981000671914
-0.7469456053916567
-0.7426274097061102
-0.7395087192078906
-0.7530998859500095
-0.7492324562853454
-0.7560783283889408
-0.7489613596443816
-0.7424542659358736
-0.7460044014850197
-0.7480720249174962
-0.7467430212285916
-0.7448245725072811
-0.7473928122599525
-0.7538211369651332
-0.7472442741285302
-0.7441841601982249
-0.7454191438190902
-0.7456490721303282
-0.7452232315899114
-0.7502635372004022
-0.7426881889589571
-0.7450774789304336
-0.7474942744029086
-0.7375763670365444
-0.7469666178801823
-0.7436029096754879
-0.7466426907022502
-0.7408855964717809
-0.7427814962054160
-0.7452369201616180
-0.7507919279905569
-0.7526232446954269
-0.7489415992880033
-0.7480084960566526
-0.7375366010739832
-0.7552469662605128
-0.7465119610764545
-0.7563257147974688
-0.7490261765067356
-0.7401156855138550
-0.7464499965617675
-0.7450173609894065
-0.7507040234770437
-0.7400333469643694
-0.7433457187765490
-0.7555695036244693
-0.7472572642996266
-0.7445422985414410
-0.7444135780507206
-0.7449172066916769
-0.7451837379991256
-0.7389057208256070
-0.7428874426572245
-0.7431409919710915
-0.7438426344723169
-0.7509796511398515
-0.7442615108881412
-0.7416675754377636
-0.7424298940252088
-0.7409362609239933
-0.7434968224747613
-0.7482580989475888
-0.7490511689939967
-0.7424914286648266
-0.7504347559564926
-0.7427342373356665
-0.7512266552545586
-0.7494248158656378
-0.7512951065269399
-0.7459472029103617
-0.7495613890869277
-0.7414065592971656
-0.7461538878500782
-0.7511618867907986
-0.7489044328715639
-0.7354010096798409
-0.7459123212169506
-0.7417634906438848
-0.7465293425529702
-0.7455713500037993
-0.7489776366661385
-0.7465340973201693
-0.7479606599774841
-0.7502426304556977
-0.7458600521515213
-0.7465519846209276
-0.7457154517213727
-0.7454063952881153
-0.7402365822966823
-0.7470060974620951
-0.7397849411903017
-0.7445631141286648
-0.7501357988900088
-0.7417112245401579
-0.7499159798499043
-0.7493569443511752
-0.7465051625353721
-0.7376211088186893
-0.7545072188116694
-0.7383124406530459
-0.7473328767780288
-0.7453216759733118
-0.7426682749470253
-0.7465288658100874
-0.7491486739724610
-0.7520405897336720
-0.7507052934213905
-0.7434736273437994
-0.7397461316579426
-0.7436598272972182
-0.7449955233973549
-0.7540167829704578
-0.7542033198929236
-0.7463827254956227
-0.7534417809874330
-0.7394131966229706
-0.7433527740144193
-0.7383765810609780
-0.7425162040242425
-0.7423346439392058
-0.7524959226875655
-0.7437683015343670
-0.7399683085525668
-0.7464075428475700
-0.7418672692749043
-0.7386912579376209
-0.7491794328425653
-0.7417481011245826
-0.7397108664946606
-0.7493414222545638
-0.7521010572265180
-0.7502057063451797
-0.7469473092706900
-0.7442071839574474
-0.7396761638890660
-0.7489093936214495
-0.7460801881797604
-0.7370505637043364
-0.7527982230654195
-0.7407007708532289
-0.7454752306808153
-0.7563189003043219
-0.7434532692835816
-0.7410567291927052
-0.7504979751972729
-0.7464809171462605
-0.7384063455496642
-0.7416280710532113
-0.7432211901727753
-0.7436806410996555
-0.7412372017485969
-0.7417977483579081
-0.7404365653349516
-0.7414253648587562
-0.7464600807449980
-0.7525187919621058
-0.7430792042769132
-0.7473204454591670
-0.7388907089673703
-0.7392171897716195
-0.7432656901717095
-0.7410915019286650
-0.7403845862799004
-0.7448189906273137
-0.7389539158841270
-0.7412829755064307
-0.7408625192371957
-0.7439669216638592
-0.7494161296858596
-0.7442387792183331
-0.7462069661074793
-0.7417450178689065
-0.7458970593659393
-0.7484852881474729
-0.7404323964350291
-0.7444169282173846
-0.7404437520886538
-0.7406704562283853
-0.7491539584644744
-0.7444841776889564
-0.7524934393739526
-0.7392504894391478
-0.7449382848686481
-0.7432713508119113
-0.7376191918185638
-0.7410636272776372
-0.7398019375288770
-0.7463865857558057
-0.7453612755316188
-0.7424661725653461
-0.7424070947303402
-0.7441472443485204
-0.7481909718897464
