0.0563680907967151
0.0556843056169864
0.0545104943491264
0.0474649884420849
0.0554217160187479
0.0559446433516994
0.0506894423646914
0.0543545762983795
0.0680244899323901
0.0544580909887478
0.0680058821723422
0.0588112824275442
0.0595626786105726
0.0735648765304119
0.0610784118913899
0.0613739703304554
0.0646097584983703
0.0685689765128351
0.0792222630659961
0.0685770251935063
0.0553102168252161
0.0565887618892601
0.0556190443077198
0.0515705031180345
0.0592722602267937
0.0513845347624748
0.0715112201852029
0.0546729779290287
0.0654167864346249
0.0609904389305650
0.0620840394836991
0.0694243725885921
0.0534911721240598
0.0655270340963482
0.0753390645253880
0.0574434711323030
0.0691614236296301
0.0653841356330065
0.0631784596213287
0.0536463573769001
0.0539011564644584
0.0558441305018180
0.0610640047791551
0.0533009769697275
0.0509520692045580
0.0584016381925417
0.0753517485405725
0.0654587786506620
0.0686265663285715
0.0578490926504646
0.0624341817507649
0.0610063149256843
0.0684924939829962
0.0564118951971478
0.0596668233350160
0.0642777865470776
0.0559842601581912
0.0612987478283224
0.0594100878700593
0.0607320478008034
0.0546296939856481
0.0646511679881192
0.0691831857856671
0.0580169167952191
0.0541423406179108
0.0719639304540439
0.0621224017317257
0.0509391679793562
0.0662139003432076
0.0661534729932672
0.0701389442069966
0.0630835684542511
0.0601938417076059
0.0618341320249032
0.0605473414039900
0.0643473693888316
0.0500921161335762
0.0507415302305324
0.0483515555237253
0.0498897098116523
0.0611164428758801
0.0605099308157416
0.0542813489727773
0.0583416912427161
0.0619722567851945
0.0515786488875230
0.0605350305064023
0.0580996873759175
0.0481587043546688
0.0656520296592221
0.0601586968504775
0.0548213491814824
0.0604670024256587
0.0678064230890015
0.0666580944452203
0.0654538405443974
0.0635925659352817
0.0572743620002615
0.0623162656399037
0.0439128199852411
0.0534453141773085
0.0522059125179448
0.0621946941238079
0.0591392178885713
0.0570094503427373
0.0602888568012992
0.0602537953176828
0.0610289919796615
0.0612021933589161
0.0557041033018669
0.0687505171743119
0.0589555746125642
0.0631016082421465
0.0523599048546778
0.0632975641559086
0.0711934959111506
0.0690741628393286
0.0653601836566707
0.0532591997898748
0.0612840275636454
0.0700896991888321
0.0596517540446968
0.0570422186102843
0.0491506928551101
0.0596094959746504
0.0664034566875165
0.0691673948086146
0.0674965222685266
0.0708163800584333
0.0588537883878657
0.0652869168576718
0.0463927921226392
0.0656246759971608
0.0540342328927772
0.0423716536068497
0.0681964798923245
0.0567121851906014
0.0698333424732013
0.0700333045635321
0.0668286503480491
0.0721531056978473
0.0602147906314041
0.0567522693111870
0.0596005041998422
0.0697124783975811
0.0616010388226350
0.0477626324031549
0.0735703144740210
0.0444558861685046
0.0574879986428055
0.0630159029133502
0.0672388170640054
0.0563798865928364
0.0569483506972804
0.0508921417262903
0.0573615731743165
0.0551450983442931
0.0666218805200036
0.0515018213946295
0.0710406749058482
0.0515716149480775
0.0650596212755136
0.0590912675685261
0.0588986077446968
0.0521879522749316
0.0598917570932174
0.0630176216170485
0.0727592382731470
0.0556131458463126
0.0550221968583264
0.0701285853139743
0.0668906047672339
0.0697834791318042
0.0526531830884922
0.0752305727780096
0.0665206763093062
0.0479489094781923
0.0692400300211157
0.0689035384467878
0.0664325478711042
0.0498041541555120
0.0639076433523533
0.0527698666852009
0.0651071345639607
0.0652253312222827
0.0673123037055050
0.0645291847954113
0.0635684945642837
0.0543877846344259
0.0720578500168827
0.0594759165179203
0.0548971628731089
0.0641616680377215
0.0626176657267934
0.0518964225990457
0.0529326343295543
0.0719239109657152
0.0658376305255656
0.0628746661319427
0.0561363223798471
0.0607028784998396
0.0644641671396498
0.0633485853977315
0.0554318494159322
0.0648083667819283
0.0637968243529523
0.0503689359625773
0.0655411256586263
0.0578301274603181
0.0602428736767258
0.0537981055907080
0.0696339685678831
0.0678791446696521
0.0545185450017015
0.0579253273780548
0.0678978628947473
0.0573273449778052
0.0552751233494590
0.0666872358814814
0.0653076948528389
0.0723943946878944
0.0512080436860518
0.0652836605780645
0.0610559581153429
0.0618350347736384
0.0602944052845799
0.0535669526682071
0.0580476417807615
0.0445956622830961
0.0621877006895067
0.0497756442777831
0.0577916834452525
0.0551553346191843
0.0617853645970711
0.0634740505375350
0.0596293505381144
0.0624391033464859
0.0653375167994643
0.0598156725422053
0.0767538929941109
0.0542303846334286
0.0545219869286430
0.0678002081846754
0.0635200289214333
0.0672949995840878
0.0665244910330621
0.0476213340991105
0.0534429697097521
0.0555190606489483
0.0588597726748509
0.0678733197416870
0.0670392408675510
0.0457714267763650
0.0590372436774145
0.0611066795849701
0.0394229330242702
0.0579359138615786
0.0672730777482459
0.0552722073231911
0.0652572169936061
0.0587566494900637
0.0590775291499380
0.0538050411178747
0.0638345196992183
0.0702175106641246
0.0516210967592156
0.0670349305377943
0.0474729447081243
0.0673498706073449
0.0533115403896806
0.0652920068862599
0.0657121803937362
0.0632565205168776
0.0516069612599127
0.0624815891401501
0.0514230898236822
0.0476113619353562
0.0615831867226846
0.0668018724600282
0.0622778534439838
0.0648980876044404
0.0646913706138101
0.0575482495896198
0.0618311096681591
0.0541944313422213
0.0644521276409829
0.0571463785220884
0.0588185008687498
0.0452763519649206
0.0663991712291438
0.0600331086210859
0.0550893227922560
0.0645697743319425
0.0558408893469694
0.0513363511761526
0.0664151670593052
0.0667803842571705
0.0533997804031246
0.0510027198621719
0.0651471856532640
0.0429160773093570
0.0697772289210365
0.0719390168029016
0.0566195686047853
0.0603471558039516
0.0603123965915763
0.0594361951622187
0.0611038997948241
0.0614666492824337
0.0652078820232727
0.0578227655162882
0.0593365068175142
0.0545947786205503
0.0598103147783897
0.0582892953823658
0.0566531217597029
0.0713852193771167
0.0545237370349592
0.0581560240038414
0.0681714283515254
0.0517510832591158
0.0578156689483089
0.0631731238851736
0.0572182227060328
0.0651356922200410
0.0773047731599411
0.0550318715251393
0.0614584072536340
0.0542585562361496
0.0616873048746797
0.0516385990797615
0.0503176747716656
0.0466657598282939
0.0582767944029738
0.0517626212003074
0.0648158782746353
0.0671361207137434
0.0516324973561083
0.0623804351893986
0.0535089790088870
0.0494657542955850
0.0587847869207505
0.0638183308852944
0.0606692769374486
0.0600959965768010
0.0634941922692642
0.0541665539991445
0.0615361587127614
0.0531073594152372
0.0694575477480190
0.0732205515529805
0.0441925541763663
0.0636530953541737
0.0567418870362737
0.0599016084359523
0.0523274310029331
0.0739903544061779
0.0528224946567197
0.0498652693758811
0.0662354251096733
0.0498307055700271
0.0561926580021025
0.0552653431654372
0.0720410232385460
0.0590956806382372
0.0523957037658157
0.0608889975832224
0.0601616753941611
0.0524605382515832
0.0630807827996950
0.0621515953538942
0.0658907387189405
0.0617606102908642
0.0575876057381090
0.0548080107228894
0.0569160403251175
0.0536850016244903
0.0574433554954065
0.0662415840457422
0.0596648638540525
0.0631428725167286
0.0595685201678506
0.0548282897372859
0.0464991137426246
0.0719938955103626
0.0579988255591884
0.0629475481290722
0.0535653670326884
0.0583247033949630
0.0632718138791368
0.0561300164268997
0.0482182067438096
0.0850124556711943
0.0596353676540034
0.0567696119310602
0.0521683370671134
0.0590969558448887
0.0720091732070476
0.0658238166890096
0.0638561742190125
0.0643823620517447
0.0519998446722897
0.0661825251367576
0.0515007133357721
0.0569400100244751
0.0582717133867738
0.0669529474931881
0.0589012812844667
0.0507411033354763
0.0510010667438816
0.0556041156744858
0.0559268040478950
0.0697574478332372
0.0680294301525017
0.0573362096564530
0.0662558806648614
0.0633331204188202
0.0736312884637045
0.0592274964041972
0.0542645535080138
0.0776232828509125
0.0746075957443394
0.0589280756169032
0.0595046039593147
0.0587058373419016
0.0483679448195901
0.0587096927071264
0.0584426556778921
0.0661304678099364
0.0545693146823446
0.0633532753038198
0.0559606762221286
0.0567995995444464
0.0639248288932477
0.0594534263932378
0.0585542507305693
0.0768903735932174
0.0664096344435998
0.0572021167095638
0.0557354455211669
0.0549465458050071
0.0589333483463843
0.0504129647905925
0.0539350124361804
0.0542302508112936
0.0653910979392764
0.0659381659087105
0.0566397055599809
0.0586894910393430
0.0768711082604017
0.0662548853868475
0.0576069475185847
0.0675063551490085
0.0639624071103046
0.0566671048427803
0.0685460555034247
0.0711583332279270
0.0746057284704162
0.0562511998570770
0.0692066470463722
0.0600885794959332
0.0530953325882222
0.0565537665981318
0.0655878744290683
0.0606517581362705
0.0709585076090704
0.0704271147813849
0.0630699680489280
0.0765623714186125
0.0549889175467599
0.0514498410128890
0.0632288511201908
0.0623407908794860
0.0654312169695382
0.0592399547590504
0.0745548801931765
0.0785526546605476
0.0535148343017268
0.0668440277000724
0.0729953748214415
0.0719107622294739
0.0669003390854609
0.0600701100710288
0.0559991656689849
0.0657600862487707
0.0639347109220598
0.0575067620342744
0.0693435132320392
0.0668752126293407
0.0651820249616424
0.0537297612431784
0.0616355796824668
0.0459323790741837
0.0543849454405570
0.0641185259394897
0.0707853891914206
0.0580755825882571
0.0610339169675744
0.0588359988588596
0.0607393830066987
