-0.6913503634796695
-0.6965862251327412
-0.7006373101000641
-0.7002813425861585
-0.6958186351882998
-0.6988721662125695
-0.6911395827805447
-0.6959869441778388
-0.6963030462599948
-0.6977670582004897
-0.6887307604892422
-0.6964408946105034
-0.6977942029055449
-0.7025380330229469
-0.7072811195171910
-0.7029127587870404
-0.6928053744882793
-0.7068735403425420
-0.6979154596173726
-0.6966188338296718
-0.6902385642002942
-0.7013615828658623
-0.6989224923400809
-0.6970232332141336
-0.6910528539983902
-0.6912041688799765
-0.6923733009149824
-0.7078750096769063
-0.6995060030747925
-0.7029295981000055
-0.6998048919429455
-0.6959612707942801
-0.6980764021450114
-0.6937011836754682
-0.7041515421435520
-0.6921101746697075
-0.6926469144203743
-0.6904625435336412
-0.6937776164297847
-0.7035436734204961
-0.7004156985155237
-0.6957582581078948
-0.7025433200060025
-0.7000887536868958
-0.7006133127360784
-0.6927063804911645
-0.6987256449946716
-0.7049963573562823
-0.7037459347583823
-0.6966976737288068
-0.6944893279022992
-0.6990610725546216
-0.7044099430853914
-0.7066210362440121
-0.7009583799159802
-0.7018752041375318
-0.6948953506025318
-0.6930865642050614
-0.7060712398109528
-0.6910790219988022
-0.6951963815028426
-0.6959264331274131
-0.6994633867738711
-0.6981166506711342
-0.6929475867949609
-0.6948084380113132
-0.6933441698369922
-0.7046786311309401
-0.6968321658226735
-0.6911211853332131
-0.7017112558897860
-0.6982799544452217
-0.7053340647433496
-0.6954808183959645
-0.6935445897365394
-0.6882591672571544
-0.7064425442283062
-0.7025269473127310
-0.6995728717721894
-0.6995138432214992
-0.6936660760170574
-0.7004356755917307
-0.6938364099140847
-0.6940039728663786
-0.6947072353840098
-0.7046890742955025
-0.6986476161241337
-0.6938254765405517
-0.6969746092098780
-0.6928167438103123
-0.6985420551857766
-0.6985344485067951
-0.7053435558251594
-0.6970707560644485
-0.6972018746874712
-0.6901148475789609
-0.6902280798207947
-0.6978052758548685
-0.6961725589565853
-0.7003421785276084
-0.6999169671845579
-0.6961577268731178
-0.6993045258865774
-0.7041339581167894
-0.7006836442459276
-0.7056634799774585
-0.6942555602357615
-0.6900083783912926
-0.6874936586369259
-0.6991272988595687
-0.7013689507138673
-0.6980726381691349
-0.7055864887429856
-0.6836666973602865
-0.6904436085674148
-0.6990777097573496
-0.7008797093801061
-0.6925808893180514
-0.6917791560317854
-0.6944951970908400
-0.6918586087890450
-0.6956998445915196
-0.7066294567798026
-0.6959512391468504
-0.6872747823274393
-0.6930229173645666
-0.6888408663355166
-0.6925573895175043
-0.6942594713412209
-0.6977979680030789
-0.7058054738138981
-0.7004731441620612
-0.6926437977746677
-0.6978036098336078
-0.6963071841992790
-0.6894063441910948
-0.7023416369759077
-0.6927934709605710
-0.6955971528078586
-0.7002144236215819
-0.7016258970168558
-0.6972415929707826
-0.6922306998506654
-0.6963140245379499
-0.6964186213633152
-0.7020824191325188
-0.7014598087263445
-0.6880373385795411
-0.7047086035576189
-0.6919220073309310
-0.6962482928290834
-0.6921121655913776
-0.7003411654339552
-0.6904374073795884
-0.6875773824237315
-0.6963210671251276
-0.6880913267435105
-0.7054910582555486
-0.7028333854710187
-0.7048051140407636
-0.6894859207000389
-0.6911606014236410
-0.7000240690235572
-0.6925927162736450
-0.6975702246498928
-0.6919212517325140
-0.6962180381445801
-0.6994141548689791
-0.6953302560683382
-0.7024991679077489
-0.6998875836416734
-0.7011653034842161
-0.7039645188680071
-0.6921863846358911
-0.7003446748288829
-0.6946814225976239
-0.7002740564392113
-0.6950184340076914
-0.6985770239902275
-0.7040532695534835
-0.7023431147261813
-0.6924547890628048
-0.6983879036945737
-0.7009676478108242
-0.6930950347086017
-0.6989049441537112
-0.6991320027684426
-0.7016325193421377
-0.6940338235435136
-0.7015924113009850
-0.6975938394561417
-0.6960424241330410
-0.6936466340846170
-0.6996458608502238
-0.6953502567220698
-0.6938661678226180
-0.6867159209209458
-0.7005354317011844
-0.6866790681547698
-0.6907127589055143
-0.7009166430589230
-0.6956324357577868
-0.7005889303893603
-0.7072235012925419
-0.7003488876359473
-0.6929940728349817
-0.6972302741766104
-0.6930332906998873
-0.7039495234413324
-0.7009780808087098
-0.7020971739286032
-0.6951627270531280
-0.6999073487611128
-0.6964491889776495
-0.6996059001518592
-0.6924397448928115
-0.6960965482261644
-0.7028860613220410
-0.7001482333059504
-0.7064594018331798
-0.6992456949674689
-0.7026318198379402
-0.6952772614661380
-0.7000191679609719
-0.7021419943917357
-0.6949441054479438
-0.7014927976020152
-0.6978558921674851
-0.7004874143113133
-0.7001272130965587
-0.6989892187343432
-0.6979157512805122
-0.6978553499976536
-0.6919048089502341
-0.6905919261739948
-0.6948907334124212
-0.6913305293637727
-0.6980271668362236
-0.6970233006222960
-0.6906398063445058
-0.7075439654658433
-0.6980161480732362
-0.6944352569267297
-0.7000621044771836
-0.6991890573238758
-0.6951397743874331
-0.7034618968742975
-0.6971564576813764
-0.6944606772939601
-0.7140153693060163
-0.6931121547224656
-0.7081609020928389
-0.6998408839573883
-0.6956355056353827
-0.6909177501034321
-0.7042313337290201
-0.6913345764990320
-0.7003763237159693
-0.6973245318196610
-0.7037172818829877
-0.6930203548972389
-0.6880054572181441
-0.6996814956884573
-0.7097386483711705
-0.6944870883224130
-0.7005348682805592
-0.6927894720780071
-0.6975895554607394
-0.7021879787645529
-0.7027563750851015
-0.6961809043002405
-0.7098204467487520
-0.6902310970778338
-0.6954950873010134
-0.6959233988188858
-0.7012263055811446
-0.6959241175070188
-0.6965171858053125
-0.6978474957843078
-0.7006016452969345
-0.7054462453144513
-0.6952575362992157
-0.6918179509314745
-0.7011315560973687
-0.6876190157814714
-0.6993219016081598
-0.6913648283901441
-0.6959818995355250
-0.6912821386631254
-0.7078727480879752
-0.6942348416273545
-0.6974366995866429
-0.6951917593257115
-0.6920861679311654
-0.6977596818540099
-0.6912153914486944
-0.6920718877074452
-0.6934030685175786
-0.6960348567211587
-0.6997147207979445
-0.6907741572136864
-0.7016146963272519
-0.6862366678347455
-0.7043357717733590
-0.6919087768331141
-0.7040363280915167
-0.6981226632488945
-0.6932549404051516
-0.6975546577746046
-0.6933691963641887
-0.6965806642655183
-0.7007426808585404
-0.6986863372655342
-0.6825967200858685
-0.6951608489664143
-0.7087815172021015
-0.7019265595963300
-0.6962262788362258
-0.7002166474187265
-0.6931597390125570
-0.6976951485605577
-0.6952927892744050
-0.7027032242140673
-0.6862821119377460
-0.6946925095339778
-0.7037778062565327
-0.6987974109696717
-0.7036377049478271
-0.6975260463935570
-0.6985517422750829
-0.6970189182429908
-0.7009824142298526
-0.7026265529733370
-0.6991088088267177
-0.6965264481947108
-0.6957581456075452
-0.6979693555486421
-0.6929884792118636
-0.6964889780153183
-0.6992177586421943
-0.6932904048615973
-0.6965939005070276
-0.7006557704768387
-0.6891948302808338
-0.6961047128994389
-0.7022970498543014
-0.6984744993773975
-0.7044609903409343
-0.6969157927897497
-0.6986699387560313
-0.6993903189148190
-0.6967766223439253
-0.7007618565998749
-0.6953417509463060
-0.6993726165198971
-0.6957166354579047
-0.6962812876852299
-0.6938183493693678
-0.7032343260555806
-0.7037105170681685
-0.6970030237015470
-0.7013545696814911
-0.6923426759256298
-0.6985088370100928
-0.7069255496995684
-0.6975818559118503
-0.6993865542118964
-0.6979613380166406
-0.7005240511278352
-0.7009510882171135
-0.7037096200863702
-0.6967175747696109
-0.6935553954399856
-0.6967284048748505
-0.6930808794233811
-0.6983365804787099
-0.6965700618733301
-0.6995830052754749
-0.7060752961627577
-0.6904364991625002
-0.7021454215801983
-0.6926748940502850
-0.7076624177465752
-0.6931664256057608
-0.7000788675810408
-0.6966097242065584
-0.6982351022144485
-0.6970866764054913
-0.7010870253341888
-0.6966868043028069
-0.7023719676848712
-0.6984429745283761
-0.6964299287818462
-0.6948837133332023
-0.6998571929184907
-0.6987418775395174
-0.7020617762297701
-0.6930625036347922
-0.6912852460371640
-0.6938460225213818
-0.7004525891640504
-0.7004978649759556
-0.6922489028903765
-0.6940484585420528
-0.7083602773973772
-0.6936656566324400
-0.6978703115219241
-0.6963610342682122
-0.6975602607236144
-0.6933195954326269
-0.6946498136171966
-0.6957828922418293
-0.6910739165881200
-0.7003464526664245
-0.7011238753785530
-0.7053657105069975
-0.6981766004878979
-0.7034923221471979
-0.6988658090000991
-0.6945068912580706
-0.7032243313911538
-0.6981800214812384
-0.6915336286690331
-0.7043374104223945
-0.6961310097836507
-0.6984781293451245
-0.6911796993520135
-0.6958701151558774
-0.6965221239673919
-0.6973983291169403
-0.6965293842106527
-0.6913924297263958
-0.6934461398732292
-0.6970988448490488
-0.7013232698426329
-0.7003896136423519
-0.6964842756199170
-0.6963369698629008
-0.6995074847095254
-0.6909490299939131
-0.6994413607975625
-0.6915608940221152
-0.6924932213935873
-0.7061676390529409
-0.7028939216423972
-0.6981485994558528
-0.6992636966855438
-0.6985367859392413
-0.6957184886755826
-0.7097063522631307
-0.7008114887020636
-0.6939642973592458
-0.6958987391658306
-0.7037761166443950
-0.6969175713999128
-0.6947056809050930
-0.6960670592034882
-0.6909948440979390
-0.7009725410641021
-0.6954893034121952
-0.6909230761812479
-0.6903518032977297
-0.6967579942047968
-0.6975192114479977
-0.6898366502457887
-0.6949342101066014
-0.6987342377983257
-0.7030083544759430
-0.6992370165416134
-0.6923785099631656
-0.6982361198844076
-0.7008243140997416
-0.6978534261328968
-0.6939323164131752
-0.6953872515366006
-0.6995447953720118
-0.6950608318792608
-0.7003053592443720
-0.6989134606654871
-0.7018849824370983
-0.6998824558126866
-0.6978429743518523
-0.6921884616140053
-0.6992752034380576
-0.7003351278340083
-0.6964319539207916
-0.7037680031982243
-0.6989913287123614
-0.6952696930929408
-0.6952823935683997
-0.7103716618925301
-0.7025060158573729
-0.7070457375306516
-0.6907376408583520
-0.7035234231629506
-0.6896348601700301
-0.6964402623426845
-0.7001619353430718
-0.7044176511658564
-0.6929198097660573
