-0.0096315544245239
-0.0069340982694728
-0.0138346056292336
-0.0044504539048405
0.0029566984958043
-0.0072382415556878
-0.0086546510530814
-0.0107223568143526
-0.0051424328438549
-0.0101711300734342
-0.0088521276583949
-0.0070298764188493
-0.0217084641357123
-0.0203244911789211
-0.0039110254973884
0.0015816138500240
-0.0076336285759154
-0.0040738712426051
-0.0034634049417649
-0.0062405780226274
-0.0132624306314542
-0.0086612750245483
-0.0109695289003188
-0.0292429312940240
-0.0085525860859797
0.0115449204439540
-0.0206871059569192
-0.0152507756995515
-0.0009043571791460
-0.0154988632058172
-0.0205971587444275
-0.0142238908690237
-0.0280641052054371
-0.0157615485426685
-0.0156434289546959
-0.0150725440122298
-0.0021749588887382
-0.0136624503716643
-0.0151732733616835
-0.0039536846522936
-0.0176372545876278
-0.0220782256702008
-0.0181974933178608
-0.0001433175147781
-0.0054027826194419
-0.0262289079169560
-0.0158710897638796
-0.0209037972277429
-0.0115108556915812
-0.0034053492215911
-0.0103768377135913
-0.0169814386349334
-0.0219181310794567
-0.0102471224867529
-0.0168872448929145
-0.0085434534416585
0.0000127612107569
-0.0224963737418789
-0.0082196153881784
0.0007887845460559
-0.0103201970015462
-0.0068375207053598
0.0002148339584300
-0.0094124067424961
-0.0076705392107427
-0.0077597734453949
-0.0194946139355207
-0.0132321114010947
-0.0171652818029408
-0.0061778307257331
0.0026330544907831
-0.0198000508984996
-0.0089950572506029
-0.0181934967233338
-0.0104519293865933
-0.0113962979383895
-0.0026044301395453
-0.0056764787400676
-0.0138810460634356
-0.0100573468810420
-0.0032687244221039
-0.0160943867688011
-0.0047014101379695
-0.0061979024792030
-0.0008519505995268
-0.0047504725671983
-0.0000108826815805
0.0014287914756746
-0.0127611058647628
-0.0047048542134419
0.0000372475434554
-0.0132434749916015
-0.0103646217551968
-0.0061372630053869
0.0011144971297412
-0.0128625054156274
-0.0157019816487212
-0.0176317545218098
-0.0069065772514321
-0.0156627690422793
-0.0166796792290654
-0.0092133427379968
-0.0181985465312668
-0.0085168380905348
-0.0026425579102523
-0.0009904740993206
-0.0149593303833246
-0.0045839374633603
-0.0022512626709698
-0.0084055249024288
-0.0160590420028599
-0.0206588334323094
-0.0172197144693671
-0.0100516973072095
0.0022162563072270
-0.0007386723373879
-0.0139716674275636
-0.0175514795005742
-0.0168211627609840
-0.0098862114738503
-0.0230949078230109
-0.0051644904839355
0.0005296420715603
-0.0069310034764257
-0.0103520732171783
-0.0136342406048109
-0.0142366664499746
0.0055655512391647
-0.0217795485736213
-0.0149572596864525
-0.0090118737393691
0.0004835537955011
-0.0101834980157935
-0.0103426441552902
-0.0113305346206846
-0.0031937815422394
-0.0013036582435653
-0.0152087616338943
-0.0110138187397842
-0.0179537187238426
-0.0054603869434602
-0.0172764674901124
-0.0068586874066502
-0.0087861581667229
-0.0146735080182449
-0.0157911181095022
-0.0160680661100367
-0.0134659259033957
-0.0050734974261410
-0.0122534893021538
-0.0160005436928907
-0.0334923158086004
-0.0030738292732878
-0.0042872439308344
-0.0307799837547480
-0.0064954030599211
-0.0220870383656127
-0.0095653054487893
-0.0143646230281174
-0.0082252376018556
-0.0180087785324979
-0.0090771521776993
-0.0186944574188118
-0.0019866302358878
-0.0113473827402814
-0.0098229064386670
0.0014478608972878
-0.0189181149810950
-0.0009191216754116
-0.0145582776902702
-0.0192682602800866
-0.0042129641872958
-0.0123259271980794
-0.0123732286335027
-0.0075043901426746
-0.0178291712039303
-0.0097131375351244
-0.0092312589854094
-0.0198738841259438
0.0002583399749942
-0.0075437277914905
-0.0081695357610547
-0.0152128290591439
-0.0086255324986382
-0.0151854891472867
0.0031351103697415
-0.0172045724038960
-0.0082330168273500
-0.0004216317438963
-0.0073065679710634
-0.0190380696471293
-0.0010906450304889
-0.0198094703671065
0.0042668382439222
-0.0158320646193342
-0.0135756060971152
0.0017024114880333
-0.0143847587806419
0.0023304850614265
-0.0023882756568221
-0.0025106861295931
-0.0122706213166923
-0.0106931040906598
-0.0211679978917897
-0.0183364305247932
-0.0012831238664430
-0.0043325769770140
-0.0094376407145508
-0.0114057194627702
-0.0076349685667229
-0.0061704127746087
-0.0079682999254794
-0.0053928808716013
-0.0107938047698266
-0.0167158142016444
-0.0069172249490900
0.0049374388150871
-0.0106837315734262
-0.0080347836150828
-0.0043986025489476
-0.0031371201299722
-0.0108675388381639
-0.0171611293295036
-0.0141060380808349
-0.0116477967426748
-0.0050169189040752
-0.0071912456161230
-0.0087471809360054
-0.0057133524355022
-0.0320304787936380
-0.0082030763344114
0.0003644044188044
-0.0273349151037480
-0.0118346668134896
-0.0059644193880841
-0.0135286552804251
-0.0100331884859595
-0.0090931147457660
-0.0071835451458608
-0.0052158727287588
-0.0019134175086044
-0.0060156865103189
-0.0120842269022637
-0.0080118813826009
-0.0128920418336650
-0.0119918905465662
-0.0025985132105610
-0.0062588949423623
-0.0142838789805508
-0.0089772574185156
-0.0098494906320503
-0.0214345420326709
-0.0120494401859604
-0.0177556641520004
-0.0135842679115812
-0.0114852416781339
-0.0007051698094696
-0.0161686763437958
-0.0035288389961754
-0.0066209622761736
-0.0143181635572361
-0.0211654266305574
-0.0160228654382791
-0.0025221384767589
-0.0180272716399197
-0.0070546986267478
0.0021421667935171
-0.0104839996530286
-0.0107806538760252
-0.0143425951668597
-0.0071362429225282
-0.0034842753004731
0.0031340307412644
-0.0049863846892515
-0.0068488628472706
-0.0144705260234650
-0.0182888423158357
-0.0167864911815245
-0.0059676041126964
0.0015607551379084
-0.0025528406776591
-0.0185916853080237
-0.0197990903751482
-0.0172717038231560
-0.0121923166416164
-0.0015883228338865
-0.0123058399198690
-0.0077453879312262
-0.0072498250052591
-0.0107159988452218
-0.0199609449011017
-0.0169940082692309
-0.0055582777318755
-0.0227142805417608
-0.0253734526775973
-0.0124287918204917
-0.0157650933222857
-0.0156465041763503
-0.0156574017734732
-0.0010869842932908
-0.0112145918185146
-0.0010204356418827
-0.0009632765205623
-0.0083075810259266
-0.0092042859079185
-0.0112408272542342
-0.0179607346814829
-0.0059221180749673
-0.0068838761503638
-0.0119954147250270
-0.0150251458799810
-0.0102674655864676
-0.0111899307876367
-0.0059930420502751
-0.0127911122943423
-0.0172575775789581
-0.0156848219182635
-0.0210937014120985
-0.0058361145188579
0.0008389541861393
-0.0131312082025489
-0.0171873038553104
-0.0030124652337093
-0.0010051621369884
-0.0185132993354378
-0.0178282717905439
0.0035784116754703
-0.0099808553956256
-0.0076598729076003
-0.0179514826493121
-0.0114224775764181
-0.0036009235902585
-0.0066349410536713
-0.0010527738659101
0.0064258456379129
-0.0066386084791115
-0.0193367141469472
-0.0143400539810584
-0.0100278447494482
-0.0160464571294232
-0.0209619042871676
-0.0105517242292866
-0.0066267994222155
-0.0057716184235266
-0.0059916352076980
-0.0074458072552722
-0.0086714070195646
-0.0018732744339001
-0.0153880378117430
-0.0206584140593763
-0.0089129975082632
-0.0317721638674180
-0.0060055294401907
-0.0037108374865164
-0.0085701194330592
-0.0072413782951095
-0.0146992773539070
-0.0235035788722129
-0.0178204948443246
0.0062597694754528
-0.0149350605704232
-0.0069609527371245
-0.0177643063905524
-0.0179449774113442
-0.0097626746775991
-0.0094540654276076
-0.0085553801529561
-0.0131334475390490
-0.0169975204111475
-0.0037944681464130
-0.0115804451296514
-0.0037812723277851
0.0033240716631167
-0.0036880834251228
-0.0047222236798158
-0.0117338416926559
-0.0144667479865522
-0.0141593629793750
-0.0090334390103624
-0.0165267202626968
-0.0162082002207956
-0.0181840870013907
-0.0184346942457582
-0.0175270519342241
-0.0231058855250327
-0.0160403403925446
-0.0171245062065659
-0.0164459925083248
-0.0022399739604586
-0.0097475517694364
-0.0005115089479191
-0.0155758637105286
-0.0194202905870223
-0.0044791319548187
-0.0103466002979784
-0.0017041906434841
-0.0048006078924047
-0.0116600944763980
-0.0038192024160598
-0.0014019523647541
-0.0118832624846634
-0.0151222462840500
-0.0189626390842907
-0.0058610476492553
-0.0099338687445327
-0.0071240249745907
-0.0114861511853923
-0.0091188548462300
-0.0075149081101329
-0.0015028014152177
-0.0151948870992190
-0.0048956210545006
-0.0077255374545498
-0.0103427704225228
-0.0145460578858319
-0.0090723887296530
-0.0084354919161531
-0.0149764524099448
-0.0152112133566428
-0.0002613135911578
-0.0098102630055333
-0.0141818941110538
-0.0084797221998182
-0.0085849291627214
0.0023588713545221
-0.0107727935590974
-0.0022376485360836
-0.0084815161920132
0.0028059813083936
0.0022236106351004
-0.0108891032518685
-0.0116484135176770
-0.0061790571337659
-0.0136010424569205
-0.0152699740415944
-0.0191904702184100
-0.0195232925232819
-0.0047730238981167
0.0001605183357345
-0.0076701683257728
-0.0156039423322890
-0.0191062715028799
0.0091030196913363
-0.0107703864163657
-0.0081614186945317
-0.0022347501992984
-0.0185415952769916
0.0018153078310010
-0.0148975081769985
-0.0169880642929918
0.0015458568930735
-0.0083663939379891
-0.0093505011516925
-0.0033325683574650
-0.0093433217649304
-0.0128861314264990
-0.0062624591573815
-0.0005229168001519
-0.0119787341612834
-0.0028274095064035
-0.0051336657294207
-0.0079814740651696
-0.0084518610581688
-0.0127241826925763
-0.0130377031150736
-0.0092209377939535
0.0011144660328348
-0.0117998708685542
-0.0042408774400195
-0.0085863362691460
-0.0236118801532930
-0.0159281448908179
-0.0104331375448605
-0.0171051682051545
-0.0215363186882446
-0.0093324174599245
-0.0231831296533558
-0.0108078967824126
-0.0080399711550150
-0.0063423152310180
-0.0018472317758439
-0.0204186912441379
-0.0223391724842730
-0.0010988647056650
-0.0145564841562342
-0.0081739221094866
-0.0130639927119972
-0.0156693200420397
-0.0029525099987462
-0.0175095344680670
-0.0084721705576433
-0.0078621516736241
-0.0136732475497440
-0.0055653368713224
-0.0188583247037619
-0.0155345431176904
-0.0051459050603444
-0.0063701076605732
-0.0127092352566648
-0.0294752806166103
