-0.5889913304279842
-0.5921863006504499
-0.5934889849283488
-0.5915870430040209
-0.5852655895663538
-0.5864970172897157
-0.5939571136618799
-0.5790836423922743
-0.5910134999657817
-0.5847297618413320
-0.5972619479743343
-0.5896198983513155
-0.5821365873994437
-0.5888030820647665
-0.5891667518510724
-0.5911110328169301
-0.5824860976991889
-0.5873383940246587
-0.5834541808841968
-0.5831711648727423
-0.5904734147744940
-0.5908558425701349
-0.5914941233507293
-0.5962767098170735
-0.5931176548962735
-0.5963477292002513
-0.5855196168215878
-0.5839249824387714
-0.5828411207746016
-0.5752265861064664
-0.5938874462030685
-0.5873167542951780
-0.5858438856309597
-0.5874507844134675
-0.5843411045350504
-0.5773553682210886
-0.5800613130048753
-0.5809459590009498
-0.5933188238422129
-0.5922494368534661
-0.5934867382933114
-0.5915933884261652
-0.5877192311885455
-0.5847588071396445
-0.5890870477005951
-0.5970284237481895
-0.5893205952135600
-0.5836566424639276
-0.5905229057154009
-0.5885800692658344
-0.5938368616051766
-0.5820325489858256
-0.5938932888814626
-0.5910268960374369
-0.5914006153585522
-0.5938508437591073
-0.5910933141891486
-0.5989448750183213
-0.5760676945515096
-0.5826983791138525
-0.5910997023870515
-0.5846039772850945
-0.5941598917663671
-0.5923670131234642
-0.5873728197036141
-0.5872520361833465
-0.5847932194446853
-0.5863184006153376
-0.5874546165625787
-0.5840395051450270
-0.5832615070233385
-0.5880141493831776
-0.5885981040603798
-0.5841903495761105
-0.5782295405392766
-0.5793311658018117
-0.5939442335761257
-0.5849084411492654
-0.5855559668672043
-0.5838956768142708
-0.5902199305684948
-0.5829726169195285
-0.5946300267274075
-0.5874516758806242
-0.5939694342913457
-0.5913671701988413
-0.5817221193928992
-0.5880674165293663
-0.5849213779708290
-0.5874796904956162
-0.5899951345134617
-0.5872812445736605
-0.5887528251408438
-0.6018579902105723
-0.5892757922136820
-0.5903852483751170
-0.5835525539369241
-0.5848653764124344
-0.5911696502478047
-0.5925250236232865
-0.5789781141466032
-0.5867025458315034
-0.5813057729925383
-0.5879947976193829
-0.5864560887530622
-0.5899491335309237
-0.5806524741006004
-0.5817154447928233
-0.5854580660558834
-0.5871338787609484
-0.5878954875495616
-0.5844895511454645
-0.5918054749273125
-0.5830155718058099
-0.5906377100512958
-0.5858448851494669
-0.5909391284552120
-0.5885918938832516
-0.5861415691702186
-0.6015412055908310
-0.5941786107120404
-0.5858612080588300
-0.5776953793969576
-0.5856204513776530
-0.5730161611262197
-0.5812264972002498
-0.5820594348600860
-0.5796650974307475
-0.5921754983715031
-0.5796221460449571
-0.5912026738421626
-0.5866066048204546
-0.5819814173688043
-0.5897774950692165
-0.5814202722265973
-0.5838435447870554
-0.5820998400645839
-0.5873092922817469
-0.5855948753682112
-0.5768104919990501
-0.5935988065503216
-0.5887412429658950
-0.5945530216351550
-0.5989428963434114
-0.5959341327839414
-0.5882136291001893
-0.5793146244687296
-0.5821099434130932
-0.5885924190957211
-0.5942852445257475
-0.5911291431922776
-0.5875595290725980
-0.5897312699206988
-0.5828837249905526
-0.6010872779920888
-0.5845327921337901
-0.5896305787004681
-0.5885244309727503
-0.5844551627883479
-0.5845312433199199
-0.5857726568907670
-0.5884844113405410
-0.5996862769626190
-0.5856378637866497
-0.5831817924628950
-0.5816190939057798
-0.5879437860078708
-0.5769382676004390
-0.5908241255541219
-0.5833530494967025
-0.5939227841841187
-0.5851371650754689
-0.5987849012948436
-0.5888781962167768
-0.5958076527548352
-0.5824500714081611
-0.5732599822425802
-0.5825465917957484
-0.5908442117764006
-0.5889864470312864
-0.5913196453846112
-0.5896265646500544
-0.5921257040987300
-0.5788018973867382
-0.5742928840226683
-0.5861693769018302
-0.5764029520652593
-0.5844137393287305
-0.5834523312001151
-0.5851588141262933
-0.5888982676073178
-0.5773339711666546
-0.5833878836428739
-0.5764590197612457
-0.5877993249201503
-0.5865531779964190
-0.5905829016706546
-0.5837978056051513
-0.5942621003390960
-0.5850844826099807
-0.5761867069196253
-0.5943759783664732
-0.5787683086476483
-0.5856652333147591
-0.5830036813652224
-0.5796446957621010
-0.5938076652016708
-0.5897615916374054
-0.5907714601984344
-0.5772220239808910
-0.5907259684184738
-0.5932338166158287
-0.5903066778005592
-0.5909225508553436
-0.5877477772310991
-0.5891927556745111
-0.5853066405917846
-0.5857218474941250
-0.5905124435555505
-0.5822391787201240
-0.5860121672344570
-0.5905484194791460
-0.5801680819711971
-0.5842702153214837
-0.5841683561411612
-0.5919408348031280
-0.5876018559075439
-0.5913709581335070
-0.5850558133830992
-0.5837750063640456
-0.5947006731027057
-0.5841787072843827
-0.5881891214967917
-0.5902226406295848
-0.5882853424124963
-0.5812302802850838
-0.5858078046567358
-0.5899304332418739
-0.5877271278802906
-0.5851570908795448
-0.5991755194234840
-0.5890781638855774
-0.5914077508862274
-0.5871334481420506
-0.5846487697486686
-0.5957813549791866
-0.5817679164121081
-0.5846479013095105
-0.5839574994906618
-0.5895012522275401
-0.5889342149801100
-0.5892650272696679
-0.5955411668491776
-0.5800019419102672
-0.5800052755384054
-0.5887458500278490
-0.5960026147299651
-0.5900356382769754
-0.5911034929260252
-0.5855289229388354
-0.5880412989733241
-0.5972260514650712
-0.5835931283248780
-0.5811291842480947
-0.5829944353232158
-0.5868235970357807
-0.5816843864368143
-0.5880269389721434
-0.5866189705061424
-0.5826471685159937
-0.5802010479219500
-0.5913374040870798
-0.5921678382967858
-0.5916666240455942
-0.5849293620321454
-0.5780826520327887
-0.5805615758450243
-0.5907785946024364
-0.5890674912160213
-0.5858281350832260
-0.5827880741677793
-0.5930542655028922
-0.5842411770671346
-0.5781224846102582
-0.5871965889744655
-0.5825039009337618
-0.5871088894794543
-0.5935193286669890
-0.5857868645452271
-0.5842638854639687
-0.5835046033092516
-0.5811556582590470
-0.5815681199194299
-0.5914702042916148
-0.5858722420958844
-0.5921008255963760
-0.5821020185919716
-0.5879215186385753
-0.5835717978154942
-0.5879974259335153
-0.5983805565554901
-0.5892562671328188
-0.5861396183908535
-0.5925996379364722
-0.5873000733140086
-0.5931090914539279
-0.5861721377250635
-0.5899258258610198
-0.5769693694637518
-0.5943256564236443
-0.5918882431234002
-0.5876330885734041
-0.5869926246267725
-0.5948495556286237
-0.5755504251361470
-0.5819781345166861
-0.5864656976608558
-0.5860890849978778
-0.5847207663646452
-0.5785822498060689
-0.5856708858581425
-0.5878240299099357
-0.5930950973464812
-0.5839432796117493
-0.5835403282947120
-0.5948711540107258
-0.5874220997735420
-0.5777546771739274
-0.5855160626706138
-0.5855363566044182
-0.5833485225905921
-0.5851920121136953
-0.5764731987021612
-0.5891569737066940
-0.5834895233059265
-0.5853799465364531
-0.5831932637822721
-0.5946134013460476
-0.5855903533885125
-0.5807095028408127
-0.5925956706952381
-0.5845766757573791
-0.5883997778518785
-0.5830089433463093
-0.5873164806715074
-0.5816884209997533
-0.5870774620656044
-0.5857629211789395
-0.5956866600932633
-0.6032426450833057
-0.5806269978850459
-0.5883336288012435
-0.5906230607844134
-0.5865151485799560
-0.5784807819700734
-0.5869780757935543
-0.5877991399444694
-0.5840992609939756
-0.5947634078576297
-0.5854388199420336
-0.5972744708152498
-0.5898783756589197
-0.6044988728024188
-0.5866428699601346
-0.5897287388073560
-0.5852019555354586
-0.5913648767345366
-0.5905266880291066
-0.5886149046500092
-0.5819231913036139
-0.5913939060691099
-0.5870640680495637
-0.5938716330865214
-0.5887551057314955
-0.5899675130848544
-0.5857535908598369
-0.5804235171016621
-0.5991460372578129
-0.5893088964433887
-0.5849736819951237
-0.5789538749753259
-0.5806074686018399
-0.5904822306661839
-0.5912577022359322
-0.5971864210207471
-0.5850754865390994
-0.5854770205022387
-0.5887853264294342
-0.5918394276281908
-0.5940211675655387
-0.5911526504014636
-0.5777139330226402
-0.5956349743123145
-0.5885684266834182
-0.5998937886330975
-0.5878432618237288
-0.5870604116568121
-0.5889964098068079
-0.5831606929396970
-0.5989050126439989
-0.5897683507185006
-0.5796098289847386
-0.5911258458714725
-0.5941057463375349
-0.5982176555025668
-0.5860579693744999
-0.5920314780809889
-0.5815620418180191
-0.5934224187029868
-0.5908261135030983
-0.5747778951744185
-0.5820160812267680
-0.5864208204878898
-0.5892162892248443
-0.5906719782296579
-0.5917625920918449
-0.5847525521152751
-0.5855906082063359
-0.5832688248197031
-0.5755817002763559
-0.5915847663424496
-0.5853858280897655
-0.5909565744788308
-0.5932307468394669
-0.5920099734444962
-0.5816894509078714
-0.5921032676745221
-0.5975839775754730
-0.5853320298817779
-0.5873647472736715
-0.5841495586500659
-0.5782110611812976
-0.5887077435035234
-0.5843807546318233
-0.5889613148075850
-0.5885591640916236
-0.5897092546257922
-0.5895715043821504
-0.5868448826731106
-0.5938835292532028
-0.5857523904850082
-0.5834962736900955
-0.5876530444571689
-0.5884960353754854
-0.5934775841417416
-0.5857174070349873
-0.5897096627344788
-0.5833952666432056
-0.5821479205216429
-0.5865318505985863
-0.5897665639997217
-0.5910656335559535
-0.5945101140007706
-0.5835240670048265
-0.5743405564250489
-0.5939952948784309
-0.5860807717892621
-0.5848298589544074
-0.5833514688585989
-0.5977202150684986
-0.5975955302347327
-0.5782776454035371
-0.5912191356381137
-0.5860898065885242
-0.5836565724894921
-0.5874800998662334
-0.5822576466050684
-0.5791297682966267
-0.5843180470636267
-0.5850706126922447
-0.5888390816671408
-0.5843140433116371
-0.5865235502140220
-0.5794436831305990
-0.5949298881860862
-0.5962280982075908
-0.5948684537858224
-0.5909757115605802
-0.5931121166620767
-0.5913650295192038
-0.5865526010459646
-0.5884093218695466
-0.5815648508756279
-0.5902632284438410
-0.5931879909374387
-0.5856478142549327
-0.5980887351757458
-0.5927200193527821
-0.5806616403947139
-0.5849940937920294
-0.5847659795823567
-0.5954736304557303
-0.5860933382182855
-0.5762646552886905
-0.5817544603682393
-0.5811690848583103
-0.5963765143559845
-0.5917719524979164
-0.5831847202813535
-0.5903815264422398
