-0.0048012568149197
0.0243094536944284
0.0135291974678591
0.0119170279830627
0.0012374866096296
-0.0002392283101344
0.0129263840946563
-0.0003439777562825
0.0210965709328212
0.0024631330234048
0.0024153435377091
0.0110985364644632
0.0149817599629322
0.0244483342588546
0.0212767553091681
0.0123748515034573
0.0138884110378578
0.0093764245896129
0.0187792969971891
0.0098235822157632
0.0151637361866200
0.0001523055829173
0.0106353850135350
0.0088688492991846
0.0044461826849070
0.0126528691594065
0.0103764392027450
0.0211877189265013
0.0088925686893112
-0.0045118626072997
0.0021491883633440
0.0110216513190986
0.0101923427610707
0.0063295686073879
0.0065273326194140
0.0070887134862933
0.0108521722515387
0.0044904507374847
0.0094296096434243
-0.0009389811152441
0.0187327916167084
0.0086366804525278
0.0130623092247604
0.0105091987296009
0.0220006757312247
0.0022657663952089
0.0069571161719202
0.0103483329251997
0.0188529072148561
0.0102155273308091
0.0111813175324040
-0.0055048739595637
0.0095205973574643
0.0336455636746909
0.0116947378058317
0.0182710786254086
-0.0002619603956752
0.0085526071355506
0.0273785892220712
0.0122263623991550
-0.0043892527728516
0.0048088415409829
0.0057252040811973
0.0088764708829596
0.0215613494151614
0.0183570344053839
0.0041584226510967
0.0059147174061456
0.0093642665709101
0.0064930084701164
0.0185997772237030
0.0007132236097481
0.0175359051658385
0.0084734559542592
0.0065099477312422
0.0131651333876961
0.0020755187407099
0.0174750930592786
0.0224264650192974
0.0126302559274667
0.0104948159538556
0.0171848663474600
0.0144798716882776
0.0010405019046717
0.0040587565867126
0.0021254681677608
-0.0034958993619355
0.0090233652719592
0.0161962942923473
0.0035989487887513
0.0063801249341324
0.0069433908488081
0.0162753798436240
-0.0037259208796902
-0.0022817275208369
0.0070122953962241
0.0169013509547891
-0.0084591681363959
0.0136035612405753
0.0079842894879098
0.0011959740101083
0.0094334345892811
0.0049370851866944
0.0087989699565356
0.0117905012279474
0.0150749241369756
0.0199171609527886
0.0132152576172865
0.0049054114776910
0.0208256580643952
0.0259336645186960
0.0217403642724675
0.0001216683637561
0.0001050418697250
0.0043977550394707
-0.0006041627547474
0.0093052443389678
0.0234851684619032
0.0208473080671638
-0.0052004224280916
-0.0111023627145023
0.0173982003543190
0.0195884801775882
0.0125408469367052
0.0156930768351970
0.0124153229396979
0.0180659302801088
0.0226519446555254
0.0052313205227714
0.0146046009798295
0.0018462490271970
0.0004054701541699
0.0160142895399338
0.0101460415237726
0.0019002100274961
0.0132982357680324
0.0113009985930190
0.0077207868998047
0.0048906006985705
-0.0029507296348574
0.0009860041547156
0.0062754104140995
0.0069435586539395
0.0181459958380812
0.0093231657989955
0.0084720299150212
0.0139709527650542
0.0155695276888781
0.0144665041518317
0.0119208781503202
-0.0066879304787331
-0.0010333696620732
0.0030212311491289
0.0154829941473090
0.0149064794482615
0.0156185603234457
0.0056651530041687
0.0020800217824396
0.0140916697627240
0.0116657796273979
0.0077053242845259
0.0005607369689066
0.0170683707429869
0.0076576418571001
0.0116070833717566
-0.0000005432039072
0.0141299298453877
0.0154050204582712
0.0140868808651555
0.0152571818577161
0.0007005726279239
0.0174471901569954
0.0015770933671305
-0.0012895547452563
0.0157500688837798
0.0136872296871612
0.0160272197835652
0.0164069642767497
0.0091074549620945
0.0048857749348823
0.0113107405264606
0.0118831352945417
0.0116320266394840
0.0194000974249410
-0.0001501165209790
0.0164893383267793
0.0051212130311040
0.0116112503895054
0.0183990151552819
0.0119520114265980
0.0100488602418205
0.0113078972271518
0.0191794638210819
0.0091627213342222
0.0224876980120310
0.0031579787243377
0.0069888468905543
0.0170454839845308
0.0045516801094747
0.0118415369961369
0.0120082105242839
-0.0036557653609962
0.0024545440265715
0.0075754324125617
0.0216755816583497
0.0082313293091144
-0.0055362925451849
0.0064596955927483
0.0097100125370039
0.0038615852474480
0.0200036247720790
0.0105589721322968
0.0185982301606263
0.0121555847619802
0.0247730325784179
0.0135485168243600
0.0232089396993072
0.0146596367188975
0.0035550336990105
0.0200414863956468
0.0146185148264620
0.0086741815297879
0.0092573774249652
0.0096698460595779
0.0180818379069178
0.0082207523416843
0.0220597725307534
0.0043356776982904
0.0123749706083282
-0.0037373841272609
0.0067714681746750
0.0024503785707764
0.0191386350551673
0.0059646245063184
0.0142092998648830
0.0138379190615812
0.0116577318893135
0.0219336812267500
0.0179949986350492
0.0218990173838571
0.0159892277012293
0.0058728533224603
0.0133813657905234
0.0097571659779357
0.0268171157903315
0.0159007315657007
0.0045806985300301
0.0073551596682052
0.0090837701087777
0.0228189897739482
0.0101063418189791
0.0059903702379393
0.0033143228467386
0.0118775186855622
0.0137373436449800
0.0157591929475989
0.0063686982964900
0.0085592307219483
0.0128372450734012
-0.0013453334071235
0.0179840401716985
0.0006031661910689
0.0143860432681527
0.0038687154189165
0.0116341955366220
0.0178952484887736
0.0131694654621866
0.0174144626767084
0.0058320757484254
0.0115801053537716
0.0246836191033084
0.0127363603896313
0.0031642140414815
0.0101156973821903
0.0179671980602665
-0.0005471015874156
0.0006980001255282
0.0020417644920621
0.0044560426378390
0.0063668577949768
0.0045045841686980
-0.0037860366243779
0.0122194087297306
0.0031276680244903
0.0130050249732473
-0.0020818547860413
0.0216511578525375
0.0147934708068640
0.0047616942826401
0.0068801913400826
0.0153059269118658
0.0084653079514970
0.0161436706149107
0.0063260246697713
0.0123532346342224
0.0120528844854272
0.0118308834785818
0.0089473206208293
0.0160157762094062
0.0127209549488270
0.0085349659461366
0.0022016270753125
0.0161452577906440
0.0187102637440360
0.0070530160362489
0.0127558032562169
0.0102358406786460
0.0013226948563421
0.0137602905861945
0.0077272526473193
-0.0014927756537971
0.0028786685478355
0.0188818933366550
0.0049651559969620
0.0080537992774688
0.0049675463208443
0.0031453212585097
0.0151316044786062
0.0154952934857578
0.0061600913234279
0.0033191734775301
0.0106203476025100
0.0131802545132934
0.0073793807844999
0.0143177156072550
0.0004691511633276
-0.0000889760324586
0.0063979423018645
0.0150963802855913
0.0113991279954349
0.0135562787275045
0.0148488581084439
0.0104479220662413
0.0040417928805194
0.0109081445772926
0.0171600502630100
0.0060715740279027
0.0227577145482324
0.0000319903531939
-0.0015736590168852
0.0057064228621068
0.0169342669905591
0.0137782625645096
0.0045919674904859
0.0207165456622596
0.0116999897419171
0.0035783731183911
0.0195528881859775
0.0212698835336446
0.0042467639108684
0.0115033288082002
0.0064886787520711
0.0021347354405508
0.0117404067433256
0.0118817901662726
0.0159088688727203
0.0058883847342836
0.0118054609016108
0.0140366076718938
0.0147600563255966
0.0117412786325828
0.0122028042726509
0.0069971158053600
0.0123333661795265
0.0126162066584338
0.0080913348115772
0.0084997089519388
-0.0076309203676726
0.0029639416320954
0.0101880937597852
0.0019404987085291
0.0215722516129049
0.0172008847215514
0.0048985984298366
0.0025411160291466
0.0049329870215728
0.0160107678775446
0.0066808558880555
0.0039225494440246
0.0106335615058932
0.0162760830877499
0.0044797659551466
0.0151119175409481
-0.0020893278045611
0.0051714498596284
0.0087642009776496
0.0006756150898023
0.0156547078911024
0.0076027288180995
0.0188289072957556
0.0098608313624898
0.0115814523832863
0.0130874271544373
0.0023916191614236
0.0207293542941284
0.0061036362453914
0.0106433237275011
0.0194645697621451
0.0028382787843108
0.0115278231623411
0.0270914628999649
0.0140621165443386
0.0004489750771621
0.0146453995228133
0.0079886939745987
0.0168769206056088
0.0054514721751109
0.0050268011505189
0.0045522634096423
0.0144915456041965
0.0132306921832839
0.0131358370068870
0.0072710231158409
0.0170646753962684
0.0187363007507906
0.0112914486461995
0.0145645759389470
0.0030484857853069
-0.0008566384475731
-0.0028904920357853
0.0087470960783628
0.0031811949695278
0.0235663282921349
0.0133029387363061
0.0061931443974367
0.0155608659919595
0.0044320840642211
0.0137312738603684
0.0143921620817352
0.0125921679916588
0.0133719916166439
0.0086612315373680
0.0122498097786950
0.0177409125057860
0.0041195514387806
0.0297974825244864
0.0105376258047219
-0.0029058511928219
0.0118485252389259
0.0136812568528019
0.0026791355316710
0.0092331496947659
0.0052660515675566
0.0167517255699459
-0.0013486892293664
-0.0023469267450457
0.0113506179960265
0.0145920646969974
0.0029215284291551
0.0209478135183479
0.0071460277195169
-0.0012567032786541
0.0193443255531248
0.0072541856065688
0.0246951912380743
0.0005679358879173
0.0183521006319000
0.0142812702071831
-0.0016236951266199
0.0070318752337042
0.0088980724891451
-0.0014483463740734
0.0111975360280489
0.0094648657806552
0.0124917328172120
0.0105212919131900
0.0240978942496674
-0.0011974478751790
-0.0023818133232599
0.0218538144457702
0.0074924546238804
0.0086605338819308
0.0181990242319906
0.0074229321224164
0.0167104538425218
0.0232078203645942
0.0173832449975323
0.0039046131486028
0.0041870984728641
0.0148802619420983
0.0252792732304160
0.0110627698734522
0.0043632566738657
0.0005452383530932
0.0050928585651252
0.0036999312693169
0.0073704403511446
0.0046904079212030
0.0179492141565773
0.0100496913913325
0.0079284274082797
0.0016156711839255
0.0093958564303996
0.0175599115122606
0.0268944094062710
-0.0006385187211744
0.0068032701628356
0.0203595961368916
0.0070165710654343
0.0160030084714319
