-0.0490837323058701
-0.0443610440859085
-0.0533116252578215
-0.0529668407362957
-0.0500395955329123
-0.0498705757312163
-0.0470883186043361
-0.0511044543784592
-0.0602365485104420
-0.0521799511475504
-0.0431914422442274
-0.0568024365219800
-0.0556324816508851
-0.0507708325476017
-0.0424704223375644
-0.0530414796045554
-0.0553159702277019
-0.0410541425136428
-0.0381794678655409
-0.0496727362350459
-0.0471652115935045
-0.0401580157866997
-0.0461734127151674
-0.0430733007312576
-0.0512447078117581
-0.0465266797364407
-0.0469884653143676
-0.0497621628121324
-0.0582016539860532
-0.0538096608370848
-0.0450765854769726
-0.0582456782907167
-0.0488613365111420
-0.0526392316596286
-0.0483709164043883
-0.0463337084776704
-0.0491005215463468
-0.0501559396920846
-0.0550129295357372
-0.0440356847315930
-0.0545224707348477
-0.0530012785438697
-0.0533323375262037
-0.0626954267258431
-0.0581787780171013
-0.0478931790596265
-0.0459720576699421
-0.0463299964665175
-0.0487158433928362
-0.0542078813900323
-0.0611930166928248
-0.0549358802461294
-0.0553236185906283
-0.0521171734450193
-0.0572229989455335
-0.0597136805735308
-0.0625608448848751
-0.0421657937859812
-0.0521714449856953
-0.0494383168091969
-0.0449866877593961
-0.0390195378322021
-0.0371609283148042
-0.0441983025220623
-0.0611527012281781
-0.0434175349939158
-0.0491423038609730
-0.0561032756028363
-0.0558824132113170
-0.0410163973203548
-0.0477455253462285
-0.0399821229305179
-0.0519005822001585
-0.0435962830692899
-0.0494093971042355
-0.0453110200981356
-0.0409982618914572
-0.0472218021511801
-0.0496702811582368
-0.0429350779964041
-0.0571005426242135
-0.0347378134240623
-0.0641450065832101
-0.0502212164607344
-0.0603401724887679
-0.0584183405880279
-0.0575103477262805
-0.0575389570279660
-0.0550107409156232
-0.0545892211724486
-0.0488966142872783
-0.0616477540892530
-0.0502431503717142
-0.0493413318819757
-0.0518839154953622
-0.0463523416991118
-0.0399398394694774
-0.0533792892365942
-0.0557721081560957
-0.0525265768647620
-0.0551099854015593
-0.0526192867450892
-0.0464826024333990
-0.0456787414107925
-0.0459513412432070
-0.0465836235254958
-0.0442413088539346
-0.0543792059213960
-0.0504743151059453
-0.0431061180130445
-0.0526647590083562
-0.0601724017602201
-0.0546532809919025
-0.0527234087472985
-0.0560850164254956
-0.0589416466726334
-0.0478567910793521
-0.0606009578180704
-0.0553797652623811
-0.0495852598108594
-0.0483452150522886
-0.0554386170987944
-0.0471938570432132
-0.0458162551539609
-0.0512467141228880
-0.0541123922340230
-0.0501219997704473
-0.0471352132524844
-0.0451864128145173
-0.0455458340887537
-0.0583973989933216
-0.0627549348036059
-0.0481157964478344
-0.0484136937444249
-0.0398627842749219
-0.0487416048082959
-0.0517046203271458
-0.0634133866808436
-0.0441371631079702
-0.0559728925758122
-0.0426663411171193
-0.0459194418858950
-0.0487881460854737
-0.0622275303901576
-0.0465803498119904
-0.0519594680716443
-0.0509411711885897
-0.0608798662383343
-0.0412228616875892
-0.0539379794898076
-0.0547276466865355
-0.0482259511464883
-0.0621215838127913
-0.0617544284253465
-0.0514492152799061
-0.0382907808566519
-0.0530163175689383
-0.0585554469622843
-0.0510553898526011
-0.0542153631249772
-0.0604900574573886
-0.0383382735539273
-0.0560052357991455
-0.0515648145291130
-0.0593222488216979
-0.0505958128003925
-0.0461213534507600
-0.0400155900067657
-0.0525366455052080
-0.0632885184077925
-0.0484677554835427
-0.0595435186577129
-0.0481792309218650
-0.0568070177895601
-0.0534334981049776
-0.0413313162842488
-0.0593357865489896
-0.0595740817611475
-0.0397785303218855
-0.0544503930237813
-0.0612559453511542
-0.0449263773003224
-0.0490570038974167
-0.0427511427195692
-0.0506424586076554
-0.0531655496166294
-0.0588505114258393
-0.0410091077476614
-0.0604373984129014
-0.0471199577699946
-0.0461705400398396
-0.0433064385032482
-0.0506058818373326
-0.0564860664769777
-0.0517824308698629
-0.0482377024930619
-0.0550327287480370
-0.0413327930005087
-0.0458836613482510
-0.0617585965873450
-0.0409171545378096
-0.0493535111852694
-0.0522123402655944
-0.0625285798540575
-0.0581639966442371
-0.0637398111145676
-0.0452932108490144
-0.0465260300846765
-0.0450908693383785
-0.0465645512983561
-0.0548206301951216
-0.0353715940992810
-0.0475132706699813
-0.0379940814050089
-0.0505538259972945
-0.0464428815404858
-0.0578466635604134
-0.0526218063797115
-0.0660941769713724
-0.0489886936598102
-0.0351654419297328
-0.0416190727728695
-0.0518195674098407
-0.0532179358176924
-0.0481632959308312
-0.0505670873004950
-0.0367999386775962
-0.0488826751087080
-0.0579353647232849
-0.0519553814971371
-0.0632841271401645
-0.0463171641956066
-0.0544883884523354
-0.0559436353225215
-0.0445845493346810
-0.0519687694537746
-0.0723155712492080
-0.0493437264761578
-0.0499454136600826
-0.0456666450076202
-0.0523764634652788
-0.0553429102916708
-0.0429493978303002
-0.0594354058548627
-0.0411408205410569
-0.0516065159594500
-0.0445736789787803
-0.0435971172056539
-0.0455222869568660
-0.0451306903564786
-0.0437410429877401
-0.0447456395844126
-0.0602285101653878
-0.0565990277318816
-0.0452173199180319
-0.0502717785369234
-0.0425473834429839
-0.0514288977911826
-0.0421759225800614
-0.0475932020124437
-0.0500711654314160
-0.0567762906948117
-0.0562376277788721
-0.0257574858140677
-0.0385168361665335
-0.0461412533569239
-0.0502875506499403
-0.0559581230244365
-0.0467493758055226
-0.0463656944196958
-0.0583424782993861
-0.0485912103926228
-0.0546606266121515
-0.0359238309497104
-0.0523046371432842
-0.0499874520932734
-0.0528721304412484
-0.0538493668964464
-0.0563851113623226
-0.0617288415624802
-0.0440566512340689
-0.0585278447104369
-0.0436402888114719
-0.0634649952206094
-0.0482866511310601
-0.0472739877935932
-0.0513744065120040
-0.0571259740362170
-0.0439340240994204
-0.0457666699137008
-0.0400975628114359
-0.0459631234241286
-0.0615316811054819
-0.0576103839326293
-0.0552461942921077
-0.0605639261188117
-0.0434447410351857
-0.0527627812828513
-0.0578517591420235
-0.0607771734783534
-0.0447073426573590
-0.0455962635905237
-0.0339398809633791
-0.0575828367195208
-0.0349284164385670
-0.0486741900366602
-0.0514931173508585
-0.0467878334840508
-0.0429481049502414
-0.0558321047020623
-0.0430505352199601
-0.0578815168964787
-0.0497158210902630
-0.0560474871493365
-0.0501999776662943
-0.0613924228142317
-0.0427758211613798
-0.0489595427091534
-0.0600284718416652
-0.0637477879273499
-0.0545425981283427
-0.0557684507683506
-0.0523887772666319
-0.0520216127885072
-0.0604995894018321
-0.0526654558675858
-0.0530234416578783
-0.0521857875434550
-0.0552231071601597
-0.0486303209393380
-0.0607322411290468
-0.0530742697018168
-0.0593896674233011
-0.0570745093824389
-0.0497230745958727
-0.0457970941439320
-0.0522102001451385
-0.0500958278889442
-0.0512974144745399
-0.0469725365752863
-0.0459587820375254
-0.0573276272178042
-0.0485313957198198
-0.0463138471527587
-0.0515947707052844
-0.0586259114178753
-0.0510778089115383
-0.0450112983798706
-0.0412783028530343
-0.0603174323057322
-0.0505689064532183
-0.0532208753218501
-0.0489377773705737
-0.0499375976063099
-0.0452349695211259
-0.0475261629476929
-0.0570125431067898
-0.0587149035853112
-0.0541903066874010
-0.0517787873272699
-0.0549638369358718
-0.0391011289734111
-0.0465428051293314
-0.0539427376886638
-0.0386817106965603
-0.0465391875872178
-0.0540833458227670
-0.0421816556990900
-0.0483751714531886
-0.0558075632422328
-0.0368721129787830
-0.0490274670750169
-0.0337912398792667
-0.0428854067738140
-0.0477905539077677
-0.0529979215072558
-0.0487369561415035
-0.0545030249249877
-0.0586147535735303
-0.0522978942326709
-0.0546592732027308
-0.0576025723319942
-0.0441775106052953
-0.0344657600371589
-0.0506850379035073
-0.0610684160473501
-0.0585474320426912
-0.0518638796863510
-0.0468262524959636
-0.0501415205767071
-0.0537992097171692
-0.0581774013491212
-0.0435395892842010
-0.0539049266395739
-0.0528552930018323
-0.0467311270473313
-0.0537296346719375
-0.0558396132573772
-0.0521507578735167
-0.0418880299850573
-0.0623680041074519
-0.0564897414105960
-0.0490085709335599
-0.0448364279719352
-0.0474976475887210
-0.0463778875304104
-0.0357818386106721
-0.0405230673586546
-0.0631694572627964
-0.0414471423930825
-0.0422861581633708
-0.0474387221989978
-0.0392973646957136
-0.0434290285912607
-0.0390059113046050
-0.0543082328639840
-0.0490947093829048
-0.0386350201507235
-0.0545690348503467
-0.0537469885018877
-0.0584610781838949
-0.0608346947044673
-0.0584076458880607
-0.0495840126235635
-0.0524610011863372
-0.0533510952022832
-0.0377638563953581
-0.0527245550325702
-0.0439293848689833
-0.0507552005955976
-0.0625863468774977
-0.0539053113790086
-0.0587034890438282
-0.0500952731254319
-0.0577596963999620
-0.0473510051728639
-0.0516161681086794
-0.0622593603456196
-0.0571607417825613
-0.0568088433398495
-0.0549428299389753
-0.0445131310599258
-0.0583369550118662
-0.0426839664051145
-0.0480031944810782
-0.0497593889697518
-0.0520746849001177
-0.0570249947077597
-0.0582872150968526
-0.0433259676615782
-0.0395734504803414
-0.0483801277944422
-0.0655254160756811
-0.0510773255738353
-0.0543437202628887
-0.0385783437768560
-0.0539647376060998
-0.0447293925011203
-0.0541220899898063
-0.0426148377023031
-0.0481349639123436
-0.0473817802445199
-0.0491755174265481
-0.0658574553860919
-0.0514962467140059
-0.0611146515312452
-0.0481036419322661
-0.0599997314224839
-0.0450584705474816
-0.0438118115490738
-0.0474744293481765
-0.0471624314056608
-0.0528693637356521
-0.0506113843304460
-0.0486405045891127
-0.0653519446165498
-0.0377324030696724
-0.0488374957067825
-0.0617019275614725
-0.0484630813106298
-0.0538263516065771
-0.0473587244457604
-0.0472991448553344
-0.0540021318775220
-0.0398672987938725
-0.0473172814864257
-0.0619478274254682
-0.0606856012576793
-0.0550704185410968
-0.0505469776152486
-0.0497629358108728
-0.0450375022076401
-0.0589446170779790
-0.0448453827440191
-0.0463082872630607
-0.0581295858001478
-0.0439400463633566
-0.0548080157301644
-0.0576020426110083
-0.0598087138641860
