0.0484477874079983
0.0442674851417788
0.0536272174588583
0.0518543880339234
0.0426309121339621
0.0442185130163053
0.0459581578707064
0.0582036952619907
0.0471381084452587
0.0614737430062334
0.0508899871476814
0.0418885719889587
0.0518964441149160
0.0489121534215367
0.0546247220634709
0.0373046747930990
0.0407677582707909
0.0560628254637876
0.0423116233091286
0.0525498381797275
0.0623797240619606
0.0538894543249881
0.0418132668536922
0.0607442656474563
0.0482221772528942
0.0477900664513230
0.0470880547438996
0.0577234511485534
0.0491356579945641
0.0501105813477531
0.0387385181359869
0.0496022069989762
0.0477524249114261
0.0417868669549761
0.0493188145865486
0.0530216633263864
0.0492329549190594
0.0507011201373765
0.0553075241755266
0.0629817311047826
0.0524948972730821
0.0490191484830970
0.0524629404903522
0.0591066019120313
0.0553234687358752
0.0572491732305151
0.0479834009380522
0.0536970440189653
0.0445792345817436
0.0594465977954978
0.0546983902056064
0.0528567556834611
0.0390635882080144
0.0514045148434414
0.0571821763560185
0.0494478881717443
0.0445292797215775
0.0448512036108776
0.0430601047678297
0.0508047441578942
0.0435440662769029
0.0497254189309503
0.0389467673835499
0.0384456994412884
0.0508275556386477
0.0479472196289606
0.0619661208865738
0.0484086310155027
0.0442879116213823
0.0496757911340351
0.0499661064906060
0.0546553544155248
0.0511912934549933
0.0499462124065232
0.0457740997794088
0.0534126265121331
0.0465312427007959
0.0566651301633231
0.0593666220569821
0.0462004647065386
0.0424848368434744
0.0586058033514435
0.0678320855243131
0.0528413952151689
0.0456660513404439
0.0487805429011322
0.0590304145687574
0.0449401266373973
0.0466971378646869
0.0488575261790322
0.0520760751311799
0.0574310653631926
0.0434253837005669
0.0571544107361858
0.0672438017621258
0.0618752696160927
0.0503530724348453
0.0504461909398446
0.0520111028100948
0.0450116702060126
0.0500930369787124
0.0521342410370399
0.0621011074528235
0.0469551098330005
0.0537548922824136
0.0497569486744739
0.0540361276579790
0.0415899997822579
0.0476166045349754
0.0492400949784655
0.0432471197386298
0.0492221793358969
0.0549061796566473
0.0530273311166539
0.0337437175165279
0.0517151226130300
0.0510520313718799
0.0476061454200002
0.0488968206638410
0.0524641053304088
0.0513972413109516
0.0526896057069801
0.0515070838117282
0.0568851138358682
0.0426934504600411
0.0556618439305032
0.0498596122106543
0.0564808114005088
0.0609050105778445
0.0573834990752610
0.0596929093663556
0.0458324269893071
0.0433822585338475
0.0522172873351890
0.0454731711229067
0.0516741449729171
0.0571485769855000
0.0520407004479616
0.0397742807455365
0.0383573743949005
0.0492606163091217
0.0479115302244606
0.0562703123988186
0.0579341113389110
0.0520530628676747
0.0535274615287351
0.0491531078486519
0.0655046616856708
0.0554136504892892
0.0448139665208241
0.0452771000158035
0.0542944900377160
0.0530082710967766
0.0518207469112528
0.0499895217225575
0.0619992189939426
0.0505039353196557
0.0499973221727265
0.0382686690261348
0.0523379554966302
0.0570775651475503
0.0412718780761949
0.0490280545541693
0.0527827727003672
0.0386861277861177
0.0446629039336115
0.0544008669447667
0.0485113985928962
0.0389092164173829
0.0439016643420091
0.0548081224255831
0.0491284359623983
0.0547779501159536
0.0468980854437867
0.0567509444644978
0.0349406856765570
0.0391991880459557
0.0532424234459223
0.0455335972296036
0.0555065193681209
0.0479662566793965
0.0515252625507644
0.0435591491655614
0.0650278061521982
0.0444125459023586
0.0544458327223123
0.0445848798453581
0.0384769320108704
0.0501024096490723
0.0351536144423023
0.0497347939915301
0.0591945250725867
0.0530116229164658
0.0505822246449962
0.0686911146166320
0.0492909300932118
0.0546787708559695
0.0565097623129215
0.0437206664978946
0.0622396828938906
0.0504032573759285
0.0526101791072144
0.0521259518789140
0.0554966741433764
0.0522081614157557
0.0570804896859386
0.0450607278141676
0.0550121293062024
0.0537711648287024
0.0479099422768965
0.0438494321530276
0.0390800176633629
0.0578895499108559
0.0393797223869649
0.0358653575462353
0.0545385282564883
0.0385803838361614
0.0570653930449931
0.0540297346214929
0.0482035432948354
0.0543938831552014
0.0507376766016334
0.0431804805603311
0.0572933915475715
0.0452571496397520
0.0613094852019846
0.0399978150209759
0.0411119706395231
0.0579187790710407
0.0410331116524698
0.0431840635698388
0.0539865578879700
0.0609524784660849
0.0423467250074367
0.0385226096056530
0.0367949016294225
0.0720228674098817
0.0595322136431705
0.0508600382267327
0.0560603294134518
0.0562130686332476
0.0586611719663867
0.0428719883046474
0.0463004658540492
0.0568445491471079
0.0520235738475845
0.0547041849597126
0.0512160086570234
0.0536426332431423
0.0516499848690430
0.0493792167102730
0.0588164778528071
0.0427113481737054
0.0374482166036871
0.0580945932526107
0.0514751448007063
0.0476536734270843
0.0600742114405712
0.0539862294491380
0.0543507815307386
0.0597535289330449
0.0707612899461997
0.0606245937755958
0.0475630932169856
0.0536216407407986
0.0519653137046978
0.0474097544388392
0.0626730549910566
0.0519624976612736
0.0540664241778778
0.0572498327816107
0.0637766572063950
0.0524902070968816
0.0528790583965381
0.0419170360224210
0.0402743448186334
0.0560407296192926
0.0454329582344052
0.0539314955867388
0.0537219192226991
0.0435643534902258
0.0317799101053164
0.0455531792572133
0.0531382343057017
0.0491198815490412
0.0445739239500588
0.0489411399689056
0.0477065238847175
0.0562626464858835
0.0568461604208560
0.0500688708899399
0.0376415499679054
0.0448220439738615
0.0548615617456132
0.0535459233977737
0.0570121369191282
0.0638635330438453
0.0514032294662355
0.0455745051462270
0.0483529742792077
0.0507277315983257
0.0565220634815161
0.0450422625521295
0.0439157228736834
0.0479156209974410
0.0495118253355809
0.0523067547619475
0.0548880863402821
0.0581644362542642
0.0474669092473659
0.0433338916832892
0.0562894189457124
0.0360335376964391
0.0489480438689211
0.0515652496617206
0.0498665907404835
0.0549011040731477
0.0515097813568216
0.0504789884350378
0.0413281680635461
0.0536047393628626
0.0511565885771239
0.0489185956515890
0.0436040229365340
0.0546018061160898
0.0651540420093819
0.0510202863928649
0.0505330937634949
0.0512199202256894
0.0517084664389107
0.0551684714724079
0.0645599447233084
0.0433228918943566
0.0563997298734086
0.0477760946447893
0.0443036968092031
0.0514104287497141
0.0557017831405992
0.0582944396050536
0.0460412155846247
0.0588748706868386
0.0467452579842691
0.0411250956213477
0.0601841600403067
0.0540828367698944
0.0522816833465207
0.0554920151627521
0.0598973748368130
0.0521233832605264
0.0586623883704222
0.0566744372105174
0.0457633490577989
0.0625802225634170
0.0467587546937909
0.0474509791555857
0.0525359333387152
0.0491057175274567
0.0573788291038762
0.0558961473843417
0.0431353832254430
0.0574041405217260
0.0447335675491272
0.0551115373398907
0.0475522931446429
0.0568352431132246
0.0429178384564489
0.0421863621097444
0.0550551937146193
0.0662979904438518
0.0707529653538928
0.0430982761425273
0.0471996096930200
0.0485172101042724
0.0561154924892235
0.0480173600983959
0.0395992761040329
0.0378793993095389
0.0419410949707477
0.0449307103516460
0.0574233584279733
0.0574451619378725
0.0653136256226716
0.0498722515453339
0.0480494659499798
0.0556859413486241
0.0440316774053829
0.0553512466164792
0.0507330758145898
0.0583581453049225
0.0502959067344020
0.0461922909051932
0.0504023352255485
0.0461664269940444
0.0559943203433669
0.0437703319692059
0.0599104119928726
0.0341676902637795
0.0634070921064575
0.0407722022463648
0.0565692894597442
0.0503356527975864
0.0463490754259034
0.0531422058618878
0.0565130102976873
0.0449560233312612
0.0525850949109697
0.0579533781640866
0.0648252819183824
0.0535076837559358
0.0408784938345913
0.0543275456962901
0.0528715253072641
0.0448955675559490
0.0461955534540422
0.0583284588963807
0.0531434881280078
0.0581859296139762
0.0524864809050066
0.0572205035520252
0.0420406375777393
0.0538716206272451
0.0517250541908816
0.0537806026602161
0.0549206159606200
0.0488193585206549
0.0428038759235116
0.0526903588711589
0.0606921054548280
0.0467834984257279
0.0549932143181445
0.0428316897500243
0.0507522205180543
0.0417776897223685
0.0725695757196271
0.0543566399714963
0.0382719316305061
0.0496885986866068
0.0481967752691733
0.0606041350233234
0.0403972375273996
0.0499927897909160
0.0375754721336276
0.0486656065594632
0.0456986056014972
0.0569779320083243
0.0469284052112791
0.0437588934483413
0.0547741292697094
0.0530000118388432
0.0615332467545307
0.0335494184675943
0.0453526708330595
0.0520748506979783
0.0418280726037756
0.0510525118851239
0.0596315008345154
0.0412971171415811
0.0538636261749243
0.0457538629398123
0.0541265139193549
0.0454414116628546
0.0513596517011013
0.0426035263120517
0.0508977066651457
0.0556806761190538
0.0457352191980166
0.0487101040441413
0.0594069702145962
0.0449140589998814
0.0523527868738935
0.0545165673541099
0.0497725779372343
0.0603309606664550
0.0661780687623500
0.0483082854371835
0.0391712277079770
0.0568081552722970
0.0528876419501356
0.0438569333065262
0.0588942685882010
0.0555611881238028
0.0500718977896931
0.0464855088134649
0.0456617045245196
0.0532727423511597
0.0386579180345483
0.0434802054014952
0.0526560664820753
0.0538577049403675
0.0499781755579870
0.0425175606840872
0.0549951881272209
0.0502621660811166
0.0549629896659748
0.0613504208629252
0.0483682438809332
0.0476793985485073
0.0490689590653838
0.0436044126166295
0.0561711976724915
