-1.0663359169667237
-1.0682119234064735
-1.0705869605910410
-1.0694583924997716
-1.0619540017914588
-1.0626265546234639
-1.0654492022240980
-1.0656270111856905
-1.0678795522312254
-1.0693484237259148
-1.0700970900141853
-1.0672997646563114
-1.0710126029232472
-1.0683437314709880
-1.0677660003874421
-1.0681882213959093
-1.0649819881176603
-1.0626271570385692
-1.0705404948006119
-1.0678212041082713
-1.0604018418845702
-1.0644841749630343
-1.0688399848275210
-1.0683909591257776
-1.0724560441660793
-1.0643194796007229
-1.0659243982216657
-1.0683512117530225
-1.0690408388006549
-1.0675611856289668
-1.0667712235110107
-1.0666401207843934
-1.0645950209473507
-1.0608406973068412
-1.0645060200600960
-1.0706558289520822
-1.0642295517311804
-1.0658942287611728
-1.0650692051036310
-1.0667619801648709
-1.0629643068488910
-1.0638838658735872
-1.0679155955715089
-1.0730617366629118
-1.0660303582780044
-1.0633997789758494
-1.0662749484950396
-1.0683802267599589
-1.0693066337841448
-1.0695293384068119
-1.0652536534890453
-1.0609657089920068
-1.0642885786986596
-1.0619271943050967
-1.0725904312440360
-1.0602159539013409
-1.0681820680076886
-1.0671170382655863
-1.0640500343472579
-1.0677280752795946
-1.0634808109465725
-1.0669942700974522
-1.0699074730643388
-1.0681804535449828
-1.0712002010008193
-1.0696635439747673
-1.0659204047738524
-1.0685245580238270
-1.0654897015827351
-1.0612137734131002
-1.0671326449320782
-1.0642469207179750
-1.0628465289610061
-1.0617372845517528
-1.0624970993360499
-1.0644287638510328
-1.0707862143446569
-1.0685588022769335
-1.0722166329180212
-1.0708006462289577
-1.0679139354097276
-1.0650355792439641
-1.0616244906663890
-1.0681097503119588
-1.0657446591200554
-1.0673226161340945
-1.0616437100496730
-1.0656062912504685
-1.0669490985480783
-1.0679590493683062
-1.0691200756820074
-1.0656926773337869
-1.0663832973218632
-1.0606699269732047
-1.0703744466505329
-1.0674973899680940
-1.0620605098481779
-1.0646217281663475
-1.0674369373736692
-1.0629223411700828
-1.0615413504727125
-1.0647217847567230
-1.0671820069151836
-1.0686906583676890
-1.0661598079230430
-1.0648150106274328
-1.0671948515776417
-1.0671736528207503
-1.0661781600225773
-1.0647621475662428
-1.0671870984192038
-1.0632831781719398
-1.0699305736896445
-1.0727648399822931
-1.0637972445450576
-1.0670235833248358
-1.0635777104625026
-1.0622838132322174
-1.0670120527037703
-1.0662364232462653
-1.0641983801724455
-1.0655955751485280
-1.0622310303829960
-1.0646304041638051
-1.0625274345822224
-1.0694812840009933
-1.0616923443774295
-1.0590764378813666
-1.0653319155589311
-1.0652592261289551
-1.0689359748013301
-1.0667108091129303
-1.0617399113378703
-1.0686498330735816
-1.0654282377750723
-1.0620095276465393
-1.0641961124598087
-1.0663700771860449
-1.0732125258944274
-1.0688018512623167
-1.0676838606082126
-1.0577433727256964
-1.0635863110880461
-1.0657620700385879
-1.0620412574512155
-1.0668942217378345
-1.0637403119032238
-1.0657559357864987
-1.0655506265342802
-1.0670034202645604
-1.0640780420837643
-1.0592616316792578
-1.0621526329323756
-1.0659878807036149
-1.0709520403566002
-1.0594788750249671
-1.0651206006441882
-1.0667910188549437
-1.0604774020657490
-1.0661444453212225
-1.0702513643829965
-1.0633094287341296
-1.0665897142330505
-1.0641517304318777
-1.0636385708093408
-1.0694694507834088
-1.0564991268869892
-1.0660643505824479
-1.0658058883394068
-1.0666711114133232
-1.0595450943428515
-1.0588726094716823
-1.0639264212653368
-1.0641477790971072
-1.0620538321793618
-1.0633115050260082
-1.0673049024342967
-1.0602237131977725
-1.0649111301126502
-1.0653852270106912
-1.0674543656689093
-1.0673105261520162
-1.0627371242202612
-1.0684314534001387
-1.0645278471027440
-1.0661980039314680
-1.0637617037852449
-1.0681691961017736
-1.0662279998885145
-1.0658702515436012
-1.0618973935539617
-1.0652531996225314
-1.0654338787688140
-1.0616457142921714
-1.0620577872976149
-1.0679961615422207
-1.0673251157299211
-1.0641730036940362
-1.0688311979653538
-1.0696375357217291
-1.0659886137110768
-1.0657777328953155
-1.0623080213983374
-1.0679454129904802
-1.0660321767964351
-1.0690757271826270
-1.0668518074598736
-1.0658456632191806
-1.0659845145938285
-1.0669507308363015
-1.0613421828300829
-1.0668151299909703
-1.0705078753618655
-1.0644428494277995
-1.0646219147013678
-1.0689413786953734
-1.0715284931620490
-1.0619998712182637
-1.0672151497464146
-1.0633952462897100
-1.0655384614876304
-1.0637076450233138
-1.0644603626130960
-1.0640128620965827
-1.0665307770097605
-1.0660677475233122
-1.0683299681775167
-1.0657458577669898
-1.0633709627992542
-1.0715705935842241
-1.0703220565133109
-1.0672350253357412
-1.0614759087394285
-1.0640852614749583
-1.0678586844454971
-1.0682553454074906
-1.0690885874399620
-1.0701259215199428
-1.0703596306133603
-1.0638168971276158
-1.0669166249072330
-1.0661768790932606
-1.0656199212499606
-1.0653162087753067
-1.0684203585651761
-1.0681413391951975
-1.0675372641201892
-1.0625356973428943
-1.0609735034550256
-1.0601811954416402
-1.0665471997984239
-1.0662524524073571
-1.0639310653367153
-1.0624793525213914
-1.0619361351029164
-1.0628869812027806
-1.0664804774249756
-1.0647539284438619
-1.0607029728442239
-1.0677389639508361
-1.0635648747197066
-1.0694272345822222
-1.0631278770069699
-1.0722965082054987
-1.0723665052048723
-1.0649841258362935
-1.0644732993437978
-1.0682474794069907
-1.0665733242771018
-1.0611382783384864
-1.0700139395516675
-1.0670423964143596
-1.0674027483755328
-1.0656720334460221
-1.0676183434389557
-1.0692290915103666
-1.0623111448286935
-1.0645390342429752
-1.0630000775695589
-1.0695794236452334
-1.0691168792553145
-1.0650048575393580
-1.0643377851163485
-1.0697041094670230
-1.0601901846669468
-1.0651788246611487
-1.0654506107461905
-1.0651310676946044
-1.0657828827939908
-1.0692360493082584
-1.0657953216489704
-1.0724981391866739
-1.0667757809341303
-1.0739352347490863
-1.0674955669997739
-1.0675517722432328
-1.0656793036537433
-1.0681939715902884
-1.0638379089343228
-1.0701318500077441
-1.0622621261542018
-1.0618506841399213
-1.0700310614704482
-1.0635174682254980
-1.0650179266994080
-1.0728366125343676
-1.0711952423302413
-1.0653214397682742
-1.0688357331618901
-1.0647093670753400
-1.0668031178628887
-1.0595669690036067
-1.0725208547471499
-1.0688974587582123
-1.0644353091574243
-1.0661423193626065
-1.0646517052877227
-1.0704072164322158
-1.0665360925864469
-1.0637148947884252
-1.0671597344515813
-1.0627655978183728
-1.0711583766972976
-1.0696868675980236
-1.0680943812511361
-1.0670112444278850
-1.0679422856082412
-1.0624296881050401
-1.0646466992659320
-1.0641806686962858
-1.0669351819652451
-1.0691991098449627
-1.0635919186023464
-1.0672958080723824
-1.0668548403569484
-1.0626674469112518
-1.0675574528791039
-1.0631916259906780
-1.0665568694239418
-1.0689461513646501
-1.0600488535600434
-1.0696216053408421
-1.0652040817140069
-1.0619283918036257
-1.0650709777774008
-1.0655499214679180
-1.0646103079951272
-1.0660203434139377
-1.0688059259688389
-1.0706237519092163
-1.0624114989645677
-1.0722222779448267
-1.0646401029162915
-1.0640646704577350
-1.0625834930657254
-1.0662044901897774
-1.0590503287590900
-1.0601987223247664
-1.0721954925166115
-1.0734014228148647
-1.0614957218170440
-1.0658462581916053
-1.0712890158441755
-1.0767204856359958
-1.0670503016693531
-1.0689290346895779
-1.0654754546232776
-1.0631668554121010
-1.0657962351401198
-1.0700164024292862
-1.0635162186918614
-1.0664366982021061
-1.0704947701480070
-1.0676696151524512
-1.0640004589238925
-1.0608238103626335
-1.0647271987912279
-1.0671219396983733
-1.0601996267490468
-1.0701205188130847
-1.0705274705805965
-1.0674771825416431
-1.0628518634880946
-1.0648136719195753
-1.0682949449233208
-1.0691025910098639
-1.0687074724536136
-1.0601637279239764
-1.0658147546466537
-1.0651282761203968
-1.0641784896411628
-1.0659057450653102
-1.0655251847246918
-1.0659495516554014
-1.0628268444748408
-1.0608313197689985
-1.0642403515774697
-1.0663670758154067
-1.0586945511143779
-1.0639492646708859
-1.0646348409408222
-1.0683831966161854
-1.0585868720995268
-1.0719597083407897
-1.0696729199893595
-1.0591083875187133
-1.0701536361909234
-1.0727804259434146
-1.0698401142190774
-1.0714017830585800
-1.0642576003661690
-1.0652100259357455
-1.0663755418763465
-1.0699800752317878
-1.0684346634830433
-1.0650258965578296
-1.0704723064448722
-1.0676374038224827
-1.0624702603823628
-1.0600342535650067
-1.0676000846654157
-1.0617064145559520
-1.0640807671430601
-1.0639716648260387
-1.0684560004702126
-1.0666652925233209
-1.0661962541085057
-1.0657567061792441
-1.0722061545678012
-1.0621976579378212
-1.0677548387220652
-1.0665004686387518
-1.0706867477251245
-1.0731233418027395
-1.0729099702272924
-1.0636115460308126
-1.0636733199281387
-1.0627593795382799
-1.0709549091993489
-1.0638214418030947
-1.0649365591741089
-1.0595086774726119
-1.0592648163942455
-1.0649381169857894
-1.0643751909887493
-1.0654515629781107
-1.0638579589074357
-1.0642360456210989
-1.0620750227536870
-1.0658971246363205
-1.0684749504389599
-1.0683643781829717
-1.0623176014483071
-1.0636382022669637
-1.0610410892507609
-1.0660152860629082
-1.0599418415938098
-1.0610039723723041
-1.0579652339542063
-1.0630274430331239
-1.0603099418206607
-1.0642902730278130
-1.0633543942680070
-1.0649287811922854
-1.0645769515695755
-1.0627317529171494
-1.0652022744334393
-1.0646586570693419
-1.0661674135063466
-1.0667254969681188
-1.0608239895123650
-1.0620099116749362
-1.0640857993460526
-1.0584854672215676
-1.0622324453104925
-1.0635537845309648
-1.0644620705581838
-1.0666734615043385
-1.0640656645079396
-1.0648004302135721
-1.0634478234594775
-1.0675145038699911
-1.0659471429582230
-1.0591578911994273
-1.0634149146208793
-1.0663965124789088
-1.0639919900775685
-1.0622041218725902
-1.0625447976928815
-1.0712371911246266
-1.0660415444462121
-1.0672485985306703
-1.0621673131043099
-1.0657672962875038
-1.0673567660824106
-1.0675296881784813
-1.0630306661759352
-1.0639143384872882
-1.0654435598768275
-1.0701952572190943
