-0.0380143477948275
-0.0395498527315487
-0.0278659537038820
-0.0403238139633800
-0.0402555191253756
-0.0354833656091618
-0.0409639823341623
-0.0507531629145245
-0.0316435727557420
-0.0204348213988065
-0.0232890336937506
-0.0215064118169573
-0.0335274879136086
-0.0320407991903245
-0.0229397197475906
-0.0237090357239869
-0.0211290648466158
-0.0326947844228267
-0.0278069207316844
-0.0285508617428881
-0.0318653122143255
-0.0402362085504157
-0.0309021387089101
-0.0320417121255757
-0.0222415065645405
-0.0305967897184884
-0.0237354536820174
-0.0228272298996417
-0.0317410036859216
-0.0370583907678288
-0.0245054030845174
-0.0418728461318011
-0.0270596199194966
-0.0272085797206430
-0.0230225167098502
-0.0304717422300605
-0.0264780506120290
-0.0296390009289763
-0.0213017800192106
-0.0396004562670909
-0.0188493075319788
-0.0215452294562476
-0.0338391170342736
-0.0191136333481148
-0.0342623946293459
-0.0354924028907806
-0.0424035871927114
-0.0225621062323582
-0.0250445358235454
-0.0316724027940902
-0.0280478766799514
-0.0253281656012372
-0.0341606167590385
-0.0320950391916742
-0.0361650288268672
-0.0333396687177349
-0.0302143406445591
-0.0374238024388063
-0.0266443745950570
-0.0348941171111625
-0.0296396184309312
-0.0209524422109688
-0.0347538589735376
-0.0251811449582985
-0.0321825564526557
-0.0314688046832839
-0.0399937160371632
-0.0349945301809571
-0.0238440702132755
-0.0321655726375612
-0.0347776624986217
-0.0355530270761486
-0.0241762578185351
-0.0410449851854085
-0.0465419674693330
-0.0310065994061832
-0.0246094102642517
-0.0312189151879790
-0.0226346458011696
-0.0310009115449427
-0.0276450654631340
-0.0314905618268132
-0.0228587232694882
-0.0379590673439161
-0.0331845946571023
-0.0316932491232368
-0.0316949528516620
-0.0353965610642457
-0.0366717896293195
-0.0323526210588073
-0.0342468614665694
-0.0202520376139468
-0.0258530913593109
-0.0297384696409077
-0.0140588525036047
-0.0354648924107791
-0.0224478271849990
-0.0239523343978883
-0.0305305581894937
-0.0281928381261204
-0.0260613600807946
-0.0276527760125957
-0.0133047113600162
-0.0278377977081765
-0.0227072440277162
-0.0368391972702602
-0.0224384811359233
-0.0227545497434050
-0.0228229752145516
-0.0317281077770452
-0.0384056717376997
-0.0244226397650052
-0.0295658388132683
-0.0375062187417271
-0.0249316962342386
-0.0406660138434639
-0.0343197777538959
-0.0282076633412254
-0.0326028952178961
-0.0312469437199039
-0.0271564027553910
-0.0182315062491797
-0.0261930823910406
-0.0391021560620238
-0.0202546871271377
-0.0223231983984063
-0.0297342738323497
-0.0408295038511971
-0.0205189095355638
-0.0304366049331294
-0.0329373381750908
-0.0387023137818127
-0.0432578683840562
-0.0299031740201050
-0.0255004640583868
-0.0064765458935400
-0.0364446950799202
-0.0445026401173536
-0.0130867547017199
-0.0196112466672475
-0.0264855561769416
-0.0279934092757184
-0.0264884371365567
-0.0270198859562249
-0.0389564949618398
-0.0311958459905312
-0.0377043599263683
-0.0321927562600011
-0.0206157402627573
-0.0291033391276594
-0.0392870859244649
-0.0358124485526261
-0.0255707223828223
-0.0312713260594672
-0.0447837919890740
-0.0336970358993119
-0.0272071052701870
-0.0418371495296423
-0.0261327103588484
-0.0313008460148890
-0.0219882622406453
-0.0229496336362120
-0.0230696085631726
-0.0330120126710638
-0.0248156984783002
-0.0344160804615800
-0.0346858770520476
-0.0193526065034714
-0.0310655453305138
-0.0293140268030240
-0.0370379450484341
-0.0311471103870896
-0.0401907901541926
-0.0407964304998303
-0.0355289863295265
-0.0288397552843930
-0.0320848167605274
-0.0206754990963102
-0.0325907432615458
-0.0274642341634210
-0.0270229434273997
-0.0198398528754821
-0.0251654225024926
-0.0305393710870353
-0.0267760706999432
-0.0274576165347288
-0.0370370255770899
-0.0367092069844022
-0.0326839687811492
-0.0260558351526449
-0.0286326254224606
-0.0350709564364525
-0.0268423884993842
-0.0288306059774641
-0.0330969939938273
-0.0214431011177281
-0.0278069160820938
-0.0389987061273750
-0.0333853466368447
-0.0356094082140167
-0.0430752213174723
-0.0318528068819716
-0.0321535745785342
-0.0326664289258395
-0.0296752944060699
-0.0379749667074236
-0.0154129714103593
-0.0350147141794711
-0.0340562747558915
-0.0227640065248810
-0.0315976792185046
-0.0270134787851845
-0.0393999613825771
-0.0317396350482587
-0.0320280308754229
-0.0243350718549709
-0.0231133223015936
-0.0310864981056433
-0.0303260074216358
-0.0390243297026334
-0.0407844494151335
-0.0261738654293574
-0.0252196430030276
-0.0341587706260645
-0.0311791197865518
-0.0327872831533298
-0.0370485569022465
-0.0302329603590867
-0.0407440731232021
-0.0146044819512801
-0.0339360359646842
-0.0353245528353670
-0.0322664606189060
-0.0293397477898576
-0.0241646386495548
-0.0297351279888476
-0.0380417764017163
-0.0264506294128087
-0.0290712027753846
-0.0199060154821964
-0.0474825692054773
-0.0285983420786863
-0.0347698941749418
-0.0492634051614168
-0.0254614432006690
-0.0257262682888804
-0.0269962531734849
-0.0295409584611214
-0.0314852633431576
-0.0297752973709348
-0.0307654328084046
-0.0226970205150120
-0.0266376822933302
-0.0400548933492432
-0.0261374273468414
-0.0359133637635237
-0.0199707368745843
-0.0378727728715169
-0.0414002810254542
-0.0391445157070983
-0.0328529420691301
-0.0214315142141814
-0.0149833792822872
-0.0323109540461853
-0.0255289812667504
-0.0360168358257121
-0.0434373423617854
-0.0367965059816643
-0.0302363417470077
-0.0303945793607284
-0.0392071204710847
-0.0294914559751297
-0.0294914559751297
-0.0375881758274756
-0.0336474839972742
-0.0285725172215449
-0.0361402761057381
-0.0189304586664205
-0.0372850160407038
-0.0362895675004811
-0.0369143233771883
-0.0161699183034123
-0.0272825501272512
-0.0279495868915187
-0.0289518862297776
-0.0347740582220184
-0.0379316828409105
-0.0225164882170176
-0.0384221404702013
-0.0149181529981951
-0.0318936594052954
-0.0351099695206149
-0.0241186878087772
-0.0328246511270042
-0.0218329335947470
-0.0357416628131378
-0.0148867640795299
-0.0391500663368219
-0.0282419622567009
-0.0379840218725135
-0.0273191124633663
-0.0347635853366533
-0.0283525894206508
-0.0357478579418583
-0.0330693557519607
-0.0337657841589625
-0.0280015117719745
-0.0242860552336586
-0.0282052019777121
-0.0285074440900237
-0.0320751219321388
-0.0224010253111556
-0.0369595967949050
-0.0301483637077761
-0.0276567388586854
-0.0383855491341034
-0.0318057440710319
-0.0191410922984403
-0.0351557898445594
-0.0417398800417183
-0.0315244242607775
-0.0178456811618681
-0.0427365051409254
-0.0331451311806282
-0.0255106430434509
-0.0350625143000150
-0.0228475628343012
-0.0247932469269001
-0.0302796910055010
-0.0400189039075720
-0.0301744786512426
-0.0260656251261940
-0.0352320817495180
-0.0205710696798419
-0.0436962766941769
-0.0276504358313070
-0.0353527857069165
-0.0301371220282164
-0.0320097228026865
-0.0272028631640565
-0.0334681886423594
-0.0334851923519913
-0.0432626368061282
-0.0399538421377863
-0.0315768604888625
-0.0306411873220562
-0.0259134257206930
-0.0323679802477442
-0.0328484993969279
-0.0361208218653346
-0.0298259257635609
-0.0433851135282950
-0.0379262088726309
-0.0367380569145386
-0.0272515027832652
-0.0336155814514198
-0.0288352536841725
-0.0225012303252759
-0.0232945737737608
-0.0336150430366443
-0.0286017790792170
-0.0343847141857827
-0.0128172857562223
-0.0242662745299677
-0.0325908507305412
-0.0306976446401538
-0.0103470804375729
-0.0363832106303864
-0.0251125209420131
-0.0204842421881777
-0.0373354220404789
-0.0258581353890186
-0.0383335958132042
-0.0346240808752709
-0.0315910997793228
-0.0157716385499306
-0.0383722534465765
-0.0256938896658561
-0.0422864939034895
-0.0280430917647005
-0.0387338770498570
-0.0379378577344723
-0.0367494242390459
-0.0345084845201589
-0.0190213769400700
-0.0293096943527830
-0.0288371872264463
-0.0401224021186884
-0.0159078341381183
-0.0286919073382957
-0.0343755852321639
-0.0297181279185230
-0.0290028646905247
-0.0270412735679759
-0.0322260779074269
-0.0351886953088391
-0.0382151379386046
-0.0326625693414052
-0.0303183173739331
-0.0395673863630834
-0.0452891627617840
-0.0288456112365498
-0.0276325641505723
-0.0408601167189035
-0.0345580329919891
-0.0176943869218292
-0.0435883167349640
-0.0322344411791279
-0.0292447469897912
-0.0374854567774304
-0.0240982567263913
-0.0339140531445006
-0.0304554465214858
-0.0370194165934130
-0.0130600555732218
-0.0230909922534330
-0.0326974050834204
-0.0334024100553921
-0.0345085696991245
-0.0405887505060848
-0.0290124008955813
-0.0309158112860794
-0.0255780849303366
-0.0152815130562671
-0.0330457166494624
-0.0288047002686164
-0.0327383312837889
-0.0381048688106805
-0.0257719944749383
-0.0310478617933840
-0.0267553081987328
-0.0334782074873033
-0.0349709076136668
-0.0351752262592633
-0.0338425622109300
-0.0402136519196619
-0.0452901558439929
-0.0246059707574460
-0.0283730921681268
-0.0364636440210746
-0.0260249644290073
-0.0220768964504176
-0.0393546348238775
-0.0219517545052124
-0.0308949587450781
-0.0320877919872870
-0.0103429849766339
-0.0204742186588883
-0.0261389350231909
-0.0272876791922544
-0.0378096578807250
-0.0354724178073360
-0.0274984150847271
-0.0315663226619076
-0.0218182950463744
-0.0363965782030701
-0.0386947443760284
-0.0186541830858671
-0.0324359158106496
-0.0371572571742193
-0.0313436972937822
-0.0258999075459809
-0.0342451577339757
-0.0402123124368255
-0.0292679655366015
-0.0277386876269190
-0.0308746912732530
-0.0187964049365140
-0.0210779193003733
-0.0327450309722618
-0.0426084025767864
-0.0244069284131222
-0.0237802281933388
-0.0256916990067641
-0.0270520905283442
-0.0355800347804827
-0.0316238729824245
-0.0197602045391318
-0.0280830748307383
-0.0239886664822705
-0.0287775779150323
-0.0360576500862096
-0.0226883644371372
-0.0278403076679565
-0.0220113604710322
-0.0250937403173994
-0.0338513160425623
-0.0324507197232925
-0.0375215730303852
-0.0297286769718446
-0.0344385342286767
-0.0397305315797576
-0.0339032030884541
-0.0284975049044120
-0.0326718311384515
-0.0319792974501016
-0.0375539595768442
-0.0346301736178642
-0.0314777712843331
-0.0273278154329984
