-0.5260426712209596
-0.5188946122237055
-0.5297946303771882
-0.5284739948680525
-0.5332874151592633
-0.5248949869437103
-0.5210894886779208
-0.5303828838577407
-0.5176271308998185
-0.5129248987696005
-0.5198279800438390
-0.5142410763502713
-0.5267251884695345
-0.5184053280131965
-0.5176834194098274
-0.5173883245702984
-0.5318279000604782
-0.5319841963942813
-0.5242443841139871
-0.5120644986352011
-0.5152750268226528
-0.5195770454380411
-0.5257548322891576
-0.5201856779893047
-0.5201756255916840
-0.5175199692974440
-0.5108875325932899
-0.5200941695232103
-0.5145316310069165
-0.5236729741162627
-0.5185041585256857
-0.5179197204993584
-0.5220982008391407
-0.5170210015512063
-0.5294889947038566
-0.5283371114244659
-0.5373598964625123
-0.5201163377094702
-0.5186448766151341
-0.5252184850966571
-0.5193412962672797
-0.5280530725625647
-0.5207938024285950
-0.5217224656173491
-0.5225591615440366
-0.5284396645534367
-0.5210469878045304
-0.5190861488109876
-0.5274370215577031
-0.5176603591819298
-0.5210929411813654
-0.5273115919158582
-0.5205181136871576
-0.5178847269711641
-0.5249586122652043
-0.5218830168913562
-0.5206963489778785
-0.5306248025392387
-0.5162977610276785
-0.5192459957404398
-0.5275661721574083
-0.5259951416668907
-0.5175116054899459
-0.5264931915054116
-0.5310315901850465
-0.5268221388876992
-0.5235743978183278
-0.5220811612187398
-0.5184553676080467
-0.5292895267627002
-0.5182110874975937
-0.5285306038881150
-0.5255602484141441
-0.5224453454902863
-0.5283198175100020
-0.5156384823178458
-0.5192728380493962
-0.5313983736599300
-0.5194318384134425
-0.5270172173693014
-0.5228101770326244
-0.5257149368390330
-0.5299799383775363
-0.5168876616968155
-0.5275233670162163
-0.5270363794769813
-0.5212267892831863
-0.5299918069220491
-0.5260860733828701
-0.5283676982440968
-0.5118038651112556
-0.5279112393743443
-0.5181867562495722
-0.5239941518906587
-0.5275880486451021
-0.5279262974629040
-0.5210999137925763
-0.5314429610940722
-0.5225766956491634
-0.5216270097365794
-0.5214343928212845
-0.5148948551837083
-0.5269999284347583
-0.5243686147004968
-0.5201474403849219
-0.5171810949093090
-0.5287736304522204
-0.5321503283383784
-0.5227137295188777
-0.5236752424507469
-0.5218454797235288
-0.5229100430907946
-0.5112279798599456
-0.5247935467021262
-0.5225620344691971
-0.5244621150617410
-0.5270487534862637
-0.5355282976272070
-0.5192830699878715
-0.5236375448514035
-0.5231001149960640
-0.5200447404538051
-0.5238108310335741
-0.5188879185480552
-0.5334054671270730
-0.5179348783707041
-0.5256813819637897
-0.5240162771220521
-0.5179387192580159
-0.5168665320608221
-0.5108022454236100
-0.5305801685054393
-0.5227010977261549
-0.5221608509118704
-0.5216394051561657
-0.5222353594665123
-0.5267565887227297
-0.5316297845550668
-0.5138750630955099
-0.5195788908096175
-0.5284674936941405
-0.5202017508398169
-0.5258481870855436
-0.5295973664261105
-0.5171855410667836
-0.5290937631398697
-0.5231832464123225
-0.5271707787883033
-0.5204761725314336
-0.5176087908837932
-0.5276271398547606
-0.5251311569718078
-0.5236332522056512
-0.5346973712473551
-0.5278081729693802
-0.5245960643233721
-0.5194133014010996
-0.5296703508264190
-0.5193504345947865
-0.5188402220181149
-0.5235021410781018
-0.5264866760234295
-0.5136886001842846
-0.5308951372475426
-0.5298470161936909
-0.5113609857162367
-0.5269510600978639
-0.5217301535302223
-0.5264422977905779
-0.5263958384854089
-0.5159065216531631
-0.5237076567928868
-0.5275303195159007
-0.5190101674093810
-0.5288450681181254
-0.5221234193390737
-0.5288964714037835
-0.5227787971595113
-0.5270914233292103
-0.5231411593791421
-0.5228939377269956
-0.5189584566252411
-0.5244531599730881
-0.5243550714117885
-0.5287665517957786
-0.5265445424211839
-0.5303645441171284
-0.5149821005369961
-0.5299702323889156
-0.5249793541233317
-0.5279989642160020
-0.5176119764232371
-0.5329194136476987
-0.5202919583188241
-0.5165600122163339
-0.5251481193100526
-0.5263259522395818
-0.5295974173373579
-0.5317449181893238
-0.5249133199964880
-0.5252992479094705
-0.5178056438163647
-0.5197502546921431
-0.5216273886913134
-0.5256135814369769
-0.5244728422496008
-0.5194228404398112
-0.5265683305037375
-0.5244942011713283
-0.5238677130699407
-0.5190485763254937
-0.5283833181182964
-0.5285262640301495
-0.5283600757707007
-0.5233573104189149
-0.5267878387459046
-0.5253657703227989
-0.5188027450193804
-0.5260984497035315
-0.5261707538223829
-0.5143795087411537
-0.5230047107766577
-0.5194436977207585
-0.5243014296045847
-0.5175663439391234
-0.5268812522777486
-0.5236453562760017
-0.5269606970814100
-0.5179392673405241
-0.5229333629404965
-0.5238768796455285
-0.5257197316280476
-0.5142170342132667
-0.5229562960853721
-0.5235546368702241
-0.5184281430454752
-0.5196116662911109
-0.5193660307278030
-0.5280718037393278
-0.5220042290995528
-0.5140109017057228
-0.5241145049660576
-0.5267623284515763
-0.5224746162233865
-0.5204621860328853
-0.5266602670081902
-0.5288374952765199
-0.5183078617724017
-0.5324710068724641
-0.5326386377476822
-0.5283165225703569
-0.5186761087078416
-0.5228582904712439
-0.5226375693572433
-0.5271487511017739
-0.5321696631800971
-0.5250925429551186
-0.5300817029709119
-0.5322500336259184
-0.5203568218182637
-0.5211334504949167
-0.5179235557239770
-0.5125728230480070
-0.5249963522925519
-0.5119447101541240
-0.5328981555250849
-0.5267364153226985
-0.5303375811641894
-0.5296699612947666
-0.5173402769061568
-0.5321916803109676
-0.5238201012482809
-0.5291414394841630
-0.5295166421306458
-0.5197111676422597
-0.5264585169972013
-0.5302619970397473
-0.5202654209343673
-0.5273381185265745
-0.5227025919217596
-0.5199114393850047
-0.5266713677541176
-0.5184045809068498
-0.5213449246199321
-0.5303189775865959
-0.5266824904349560
-0.5250282403137223
-0.5117575326814512
-0.5155884944179696
-0.5247217657536924
-0.5172761954176637
-0.5169319764002955
-0.5173668972810166
-0.5204108834899973
-0.5175408381912252
-0.5233988608214605
-0.5283904008567614
-0.5227787499583244
-0.5243397989779196
-0.5261504356643455
-0.5244608415998773
-0.5267971356897636
-0.5183824520809658
-0.5274732200511347
-0.5212309343598394
-0.5267920408321480
-0.5156653501458961
-0.5312321536870118
-0.5319299432963963
-0.5167634058672640
-0.5198374472470193
-0.5191964444063777
-0.5215655465661996
-0.5310267801357642
-0.5258188903850319
-0.5243816182960291
-0.5198263303041094
-0.5294060686186098
-0.5203194491049685
-0.5252729733518832
-0.5194608720001248
-0.5279881831874950
-0.5246631244537467
-0.5236428227543563
-0.5225880641301369
-0.5175290683286153
-0.5313377075734473
-0.5251344449936097
-0.5299411244547382
-0.5131792613129017
-0.5213698591876645
-0.5280380226103254
-0.5307826427895744
-0.5202780211716624
-0.5080124069740691
-0.5255846300450842
-0.5234622167369268
-0.5312618732882036
-0.5146410109517618
-0.5216039501221454
-0.5203419977313005
-0.5167631901032468
-0.5195652309763880
-0.5194679784627185
-0.5162290547661058
-0.5250703795733525
-0.5081055430446754
-0.5190792328912863
-0.5237121118484952
-0.5155443335804601
-0.5214061897553544
-0.5196324849236710
-0.5167162119862079
-0.5154935393421071
-0.5277949004966214
-0.5185596649784853
-0.5351778625068259
-0.5208753638095889
-0.5299295768837949
-0.5221810708069323
-0.5348188686973238
-0.5137970277397990
-0.5268839006904110
-0.5229444211651197
-0.5278433051540081
-0.5203728945151738
-0.5190151846357162
-0.5238760233479334
-0.5174930494365274
-0.5350316586662759
-0.5212932107019440
-0.5296981754845562
-0.5246862407246086
-0.5261643045337407
-0.5157630308154083
-0.5283612489762027
-0.5213131771897445
-0.5199898468936045
-0.5213378912790083
-0.5130375598723579
-0.5367962652938532
-0.5199187617192206
-0.5259183529071243
-0.5240838816177578
-0.5171315744277494
-0.5188385522565808
-0.5244838790494456
-0.5182188923900839
-0.5277464907244515
-0.5140018707096211
-0.5336754524237969
-0.5236042447650561
-0.5194672305658303
-0.5244015829016636
-0.5339356172526574
-0.5238183498518633
-0.5255771401618123
-0.5353018646368040
-0.5238397365879772
-0.5298266229533354
-0.5234690839886352
-0.5266958512025940
-0.5192380662824398
-0.5151530240984706
-0.5337117639720046
-0.5276115610409818
-0.5227786757111291
-0.5188156900771621
-0.5260880202712441
-0.5178121826979246
-0.5216401145127850
-0.5269704976108701
-0.5130615354677222
-0.5224082332671159
-0.5152698983915016
-0.5278011992761314
-0.5287999772478500
-0.5223763544142082
-0.5185837183108385
-0.5319510549781288
-0.5227036829655548
-0.5189182792855034
-0.5209478954996173
-0.5265068271885914
-0.5307510399751686
-0.5258186009432932
-0.5239879068331750
-0.5253163008966903
-0.5254188895916825
-0.5247816989694843
-0.5243823863443768
-0.5285186652627279
-0.5324270190295234
-0.5174550411886013
-0.5293988468343601
-0.5202105680717162
-0.5264640192623677
-0.5304159308161284
-0.5240585718938101
-0.5225504975908707
-0.5264469183844354
-0.5196017933960477
-0.5237323601224800
-0.5171708997630130
-0.5263461910473795
-0.5275695303911422
-0.5209953527560329
-0.5231692996579185
-0.5158574070322919
-0.5151445872866282
-0.5162017288520866
-0.5222842980525146
-0.5222096806556186
-0.5289597087623540
-0.5184479708590817
-0.5263117702804924
-0.5303277758335811
-0.5203797789279411
-0.5206866492882306
-0.5219022378363336
-0.5179474169298872
-0.5178994003283952
-0.5387026777797101
-0.5102198606522063
-0.5235832566382354
-0.5227875254195645
-0.5269549391710671
-0.5040238456947452
-0.5284961732256920
-0.5247460790784105
-0.5384033933120419
-0.5179043778356497
-0.5179386583118478
-0.5172430641042959
-0.5255899765781511
-0.5289045512967410
-0.5274809680263217
-0.5188201220681218
-0.5262376638271766
-0.5300966554982633
-0.5195336940620183
-0.5127786738984900
-0.5182672123143401
-0.5314381010290987
-0.5265656856159189
-0.5251071054252922
-0.5282119469561746
-0.5314138547529951
-0.5142723346990984
-0.5173832397548582
-0.5205728978013331
-0.5228183701508730
-0.5205862689206060
-0.5218030325947657
-0.5293970655055842
-0.5238022129530474
-0.5256322617474860
-0.5235071639625107
-0.5175295815514533
-0.5205440616049712
