1.0588782804139045
1.0624773643530883
1.0675573609500206
1.0639080054648553
1.0685828559168480
1.0679158177481436
1.0658495930098766
1.0606401774647205
1.0715141509734707
1.0628134269730969
1.0591925836307448
1.0595542734342869
1.0681876449233429
1.0667063990348276
1.0687090864076831
1.0584557047011240
1.0663926566947759
1.0714621766206442
1.0633979057367875
1.0649062611952531
1.0682461326646489
1.0667741446081580
1.0650246574285713
1.0651835635010081
1.0653642588552650
1.0661311975829502
1.0662940628376054
1.0657192490519127
1.0640715130331750
1.0638096447385590
1.0654488181794288
1.0703751607112517
1.0682739782511870
1.0637111178663929
1.0668231961953571
1.0621539590078861
1.0625795839977694
1.0688793999199155
1.0679596902964001
1.0633788886208162
1.0665935466535112
1.0632068308726419
1.0653325996986862
1.0646220278017955
1.0682621204631955
1.0567094275134261
1.0651246268198529
1.0609082044457623
1.0701107930955984
1.0682602334457438
1.0657115694551200
1.0670035098923794
1.0622940359546960
1.0623304295475853
1.0631101949560320
1.0662694968939570
1.0639806059198564
1.0672705128593403
1.0647155506743700
1.0661573097851424
1.0652495475216976
1.0653137430750155
1.0667729908835457
1.0669258508195074
1.0610642397740566
1.0620125143500088
1.0650289752092110
1.0691532835474420
1.0701308132094389
1.0646105754525665
1.0678018625109786
1.0694627517219768
1.0642629142419362
1.0655110832467276
1.0699192075995738
1.0645193929161489
1.0653638171544426
1.0621684830333358
1.0667538807798294
1.0655233439997731
1.0613347260134178
1.0655539992618939
1.0661812236878148
1.0629993977366765
1.0594533850062140
1.0649927528725525
1.0661320420260465
1.0619718534441580
1.0608868817212924
1.0684878936133544
1.0661073974116848
1.0660747064488374
1.0688746771186273
1.0693630112280952
1.0693269400431620
1.0684046725171703
1.0694692699826827
1.0680528222140622
1.0647862557295391
1.0702334306887351
1.0684278077743730
1.0659700144178497
1.0690447608904619
1.0609874454163626
1.0690619813624869
1.0723736366721484
1.0673709258418687
1.0666932789825783
1.0640941885648763
1.0700698038290897
1.0677071573635766
1.0619099488156443
1.0683057030774061
1.0615036301059184
1.0693316621101066
1.0667357049526598
1.0658819230673187
1.0640357235092712
1.0660067621835738
1.0665966078286735
1.0699268304423479
1.0710270399266264
1.0602366996532981
1.0659419613157950
1.0706424712042739
1.0704374262727467
1.0698139663032089
1.0657086774503506
1.0708680930581760
1.0688366395764273
1.0727145722381835
1.0699840913011076
1.0681985697939296
1.0648976423787446
1.0665716355360140
1.0604949926215528
1.0630703548370333
1.0631235378898276
1.0681902629893585
1.0639986849041847
1.0695998491422565
1.0697337286440072
1.0683767242894318
1.0643919625096749
1.0630452916319624
1.0674344250800616
1.0645962960780337
1.0690927051123889
1.0648038815111891
1.0676637909370952
1.0657896290238225
1.0652994347223022
1.0700156082013286
1.0577172068419298
1.0640056511534786
1.0656588409279515
1.0649168588294136
1.0678670157026389
1.0674155812269051
1.0641005745382714
1.0684536410069012
1.0652848294285426
1.0633358946853861
1.0699209656532849
1.0582498011372274
1.0650348125905085
1.0649283072197380
1.0686242035294344
1.0691503540408782
1.0637665728585517
1.0660424974537459
1.0689798662467633
1.0637981541754844
1.0657479636646203
1.0669820882868484
1.0641651759729707
1.0679381721582404
1.0648591976404580
1.0635375763797763
1.0676223384131238
1.0660578810874246
1.0610497936074128
1.0698150086632343
1.0614293692063548
1.0697538823158266
1.0674348293388078
1.0708059254393818
1.0637741386764172
1.0644736766985416
1.0705564700646886
1.0707573508780182
1.0659881276197387
1.0661671541758670
1.0670235484793489
1.0688453882872004
1.0592424671128506
1.0638412394860308
1.0617703174023592
1.0643232564004093
1.0687384953443038
1.0620770478213417
1.0625930694419652
1.0666369318011146
1.0633277461069794
1.0693803794767121
1.0656542532787048
1.0611978213517406
1.0705578222221661
1.0698405873207411
1.0693310691698998
1.0652319247545146
1.0664074617057868
1.0687654424441662
1.0655921473391607
1.0668535691242640
1.0665322937081820
1.0657585946439181
1.0658687870788548
1.0639186688161786
1.0684649305095364
1.0699449422400822
1.0645543991989050
1.0685229016966782
1.0637643458251740
1.0663395301321006
1.0688417073337466
1.0668007121149434
1.0590723927977250
1.0629299293400141
1.0678147919575534
1.0672601184196253
1.0655167171787487
1.0698575028616482
1.0661440795630166
1.0649335909227966
1.0653806343262475
1.0653964669576683
1.0642169915684430
1.0654666162307596
1.0621389859047723
1.0714474980681474
1.0639014765602699
1.0664291452466377
1.0666809676692179
1.0708479113840588
1.0703470077474002
1.0578887899462617
1.0703768007016408
1.0644539511916347
1.0602976056765496
1.0647468816590486
1.0679886703938311
1.0638630054106890
1.0661836319572737
1.0671395252516473
1.0669762296284040
1.0668910464857064
1.0623268557575831
1.0709023509619433
1.0612314878328644
1.0611519622786334
1.0653057383898368
1.0641479986344342
1.0685784500857980
1.0679831850595838
1.0649187408100447
1.0690564060418668
1.0630851632734126
1.0603402482584654
1.0665220803150348
1.0635160512630510
1.0606040365012950
1.0617048331572860
1.0673170276828317
1.0689172557055009
1.0676820757924066
1.0608960004119248
1.0639171322792114
1.0673569856361333
1.0654114734557951
1.0691796380840946
1.0685933760275530
1.0646964579226670
1.0675044124718520
1.0661985162990415
1.0683400769409297
1.0624840359142169
1.0662366529113754
1.0696429089546120
1.0748124373100403
1.0558266840682429
1.0685584274249158
1.0678578445813933
1.0675481307862253
1.0620668125653467
1.0669923027446679
1.0692278449527559
1.0689715448280970
1.0682755022618751
1.0642873135610267
1.0653924349704753
1.0684122791236388
1.0712307493476909
1.0629314831267040
1.0742091726969696
1.0585891177122002
1.0678935139828665
1.0621713011713454
1.0591018863536470
1.0627482442490752
1.0603216029492855
1.0628685898957699
1.0627048585929881
1.0692744213117606
1.0677520042549236
1.0687176561448628
1.0711403794115426
1.0633881715788351
1.0644554340620096
1.0658298904698391
1.0642830211578957
1.0628644704952330
1.0614150365519583
1.0627042308835493
1.0696822359060771
1.0608213454592641
1.0709698964856382
1.0662929563610690
1.0591767863670833
1.0663661619312836
1.0606554200831100
1.0620774800530008
1.0635717700119789
1.0570077682623578
1.0659584047814643
1.0680472810288297
1.0591824435119022
1.0669885477599250
1.0635335997225814
1.0681626805023852
1.0670176755897658
1.0631042404340876
1.0643199785449158
1.0668470376067043
1.0677373443923492
1.0640064029232097
1.0650535317719894
1.0647297967608202
1.0625006845127258
1.0661649870111927
1.0633962181129568
1.0682417409237936
1.0638655056151614
1.0656631281907798
1.0666233721867591
1.0619988912359839
1.0635668478855418
1.0657568129171522
1.0626767292148236
1.0595130112492903
1.0632929588089868
1.0612038304084268
1.0625306775342671
1.0675097048149791
1.0594875680397537
1.0642675934088111
1.0657893030557657
1.0640859391649433
1.0624252864860804
1.0636395653270576
1.0608207256709254
1.0626757555833353
1.0708322210292800
1.0643528893976062
1.0705482874439742
1.0667957689730996
1.0649992588348367
1.0620095152233986
1.0632090408008841
1.0613337782473413
1.0709565082424783
1.0716926832889733
1.0708919844086193
1.0677316418032905
1.0680883614412975
1.0615992131757552
1.0633640837917753
1.0632037695479264
1.0702494956014907
1.0667308486576927
1.0680701345480297
1.0607802423075816
1.0656041025554124
1.0671519364798105
1.0647736279371758
1.0679580694806110
1.0701986182186725
1.0664406679147720
1.0647497015304330
1.0658925068412806
1.0601837969724912
1.0675270897516633
1.0641491198434903
1.0674566510203529
1.0680713347200304
1.0631092875709285
1.0653831534752130
1.0654279121576522
1.0664157408529520
1.0651199585688775
1.0629193009938738
1.0692366205321582
1.0668178379802626
1.0664320404290486
1.0676614823864432
1.0646189900607308
1.0620789770908274
1.0630896966936794
1.0725809715169770
1.0625185944745770
1.0630446870755772
1.0669005854770648
1.0639724421728658
1.0700470126925570
1.0610933893231780
1.0663874823298587
1.0609174571645035
1.0679857189467117
1.0685990783178039
1.0641532687214859
1.0724617628902100
1.0708956274249999
1.0653947096564194
1.0664777744492944
1.0638601406389108
1.0609574285735170
1.0641867740069941
1.0661297905768494
1.0647984233051659
1.0661316376771361
1.0655568767029364
1.0734774710375758
1.0573422674207777
1.0669690713819180
1.0641830249996400
1.0680345100721584
1.0655551188428078
1.0655212664337321
1.0635388255728635
1.0663313439732627
1.0635437262517307
1.0696375382004129
1.0631178965130779
1.0663487034948982
1.0566932420238953
1.0729122133655651
1.0708468090685122
1.0652204177922935
1.0601439064515448
1.0625529245853349
1.0618924127008758
1.0646657119521459
1.0663262727531235
1.0706247912019613
1.0674701910956164
1.0707205581228019
1.0614333294917353
1.0751599631341131
1.0692318673488299
1.0602866696833924
1.0679740221375671
1.0665697190815355
1.0666382217142534
1.0594293897721483
1.0664061609441455
1.0641838756059614
1.0621665796228199
1.0670623752393966
1.0654704580404155
1.0700060724174749
1.0662123958590990
1.0707381204327149
1.0690430385168410
1.0605346231678172
1.0606459435274733
1.0682287365536827
1.0655173182211704
1.0605405682823950
1.0632869725999827
1.0614625125079387
1.0675068705100583
1.0619205207822930
1.0657807130015926
1.0667218351244361
1.0662328213247216
1.0657322778205698
1.0662365981166906
1.0696865615915516
1.0658637489363643
1.0609707123421812
