-0.8301763614213388
-0.8331352515218174
-0.8323430782105359
-0.8318813741176001
-0.8357233529559884
-0.8275233023619867
-0.8284009603325535
-0.8351124719844540
-0.8320917394129083
-0.8295059484272220
-0.8302272345649520
-0.8235402547530881
-0.8324556918402864
-0.8317795605899474
-0.8320622342506404
-0.8245987342674552
-0.8305883354532536
-0.8269745321760275
-0.8335402230768211
-0.8252188651892475
-0.8354839844432568
-0.8328305014238063
-0.8288894952529250
-0.8289892636584179
-0.8283534345771175
-0.8266973884455484
-0.8257158847819412
-0.8302119924993570
-0.8291745961745446
-0.8344981509757432
-0.8267692371179961
-0.8294004615754557
-0.8284868702769308
-0.8260408929379779
-0.8251916249809145
-0.8320977270837413
-0.8286034206832252
-0.8300078022169186
-0.8263155727092412
-0.8281622619462374
-0.8324837035632850
-0.8309304434351318
-0.8394507579176615
-0.8319219596899123
-0.8279072981503257
-0.8294461257506714
-0.8195070514616839
-0.8262773145155096
-0.8335002122326522
-0.8280534101405528
-0.8313875228844235
-0.8317168281838423
-0.8304895715263649
-0.8234558785010853
-0.8301276931739052
-0.8313914285815490
-0.8306691434017283
-0.8294525527198456
-0.8245945264459839
-0.8298988820647477
-0.8265204772553866
-0.8298197062844329
-0.8306342675151717
-0.8349126055877047
-0.8299473687320514
-0.8233569650893378
-0.8239378049518230
-0.8269461539938540
-0.8261288650743196
-0.8300301422638480
-0.8365144559877601
-0.8305488844537371
-0.8283375967542557
-0.8271618441529918
-0.8312643995134075
-0.8320965634576125
-0.8314993272686348
-0.8342479777608366
-0.8263585048459182
-0.8246261496896427
-0.8229660798522915
-0.8227409154157700
-0.8271209231057559
-0.8306756142357334
-0.8259725868035896
-0.8365455119599421
-0.8296361689481667
-0.8247344178179801
-0.8260197756635848
-0.8233633034588408
-0.8308232144284050
-0.8247555917184701
-0.8312122080213344
-0.8310540890180954
-0.8292764239995625
-0.8238957351775329
-0.8311269806395486
-0.8287578099613030
-0.8362647602647109
-0.8292625323653491
-0.8248353877640592
-0.8236389593871991
-0.8353946020047194
-0.8339752123983690
-0.8252757006745850
-0.8194200746274384
-0.8362501665705437
-0.8257858278914483
-0.8265043164990220
-0.8323559271398738
-0.8331599128317705
-0.8309993159986970
-0.8248162555391536
-0.8268121431650300
-0.8266973939021761
-0.8175378599397548
-0.8262896437326720
-0.8288561734603861
-0.8323059047305638
-0.8270306893633530
-0.8298596399599696
-0.8266094071445649
-0.8240687223602297
-0.8338391772909082
-0.8342671775030289
-0.8295448729706567
-0.8306434980775999
-0.8394127724535180
-0.8299830009751528
-0.8179890919412056
-0.8344509678299502
-0.8276068718616193
-0.8241281300743667
-0.8236808766247223
-0.8301092323571464
-0.8293133961278190
-0.8284500143676707
-0.8362977797109286
-0.8340169000844588
-0.8308526623211205
-0.8290917608274273
-0.8178224499262218
-0.8344515005359868
-0.8380243620002351
-0.8256234934593153
-0.8269083836197042
-0.8235615159372880
-0.8311282816917654
-0.8296982904790582
-0.8243630622831190
-0.8232453381893806
-0.8286358509616676
-0.8343278943213875
-0.8267229913242887
-0.8301707973462001
-0.8298070042214046
-0.8273296725113292
-0.8225237797209872
-0.8252548575851875
-0.8301179258619178
-0.8214061635323985
-0.8292203079989405
-0.8194248033155581
-0.8314573536762156
-0.8368846844844939
-0.8272506741900040
-0.8274596944247034
-0.8247895326710244
-0.8210140335078975
-0.8313260392633746
-0.8338214133342277
-0.8219186358207189
-0.8297813866100352
-0.8338568439345467
-0.8253661712608626
-0.8382135388206479
-0.8291351505636169
-0.8313852241270808
-0.8268720990609096
-0.8278643418154477
-0.8280733252942138
-0.8301089504656611
-0.8293309000735848
-0.8277215086937282
-0.8280668852132946
-0.8323001067891924
-0.8285412733527637
-0.8214714886224680
-0.8272852380940791
-0.8284547907825683
-0.8322190595567710
-0.8293955815363347
-0.8198359687037557
-0.8312191935957610
-0.8366322464609588
-0.8244038653749263
-0.8291862398922909
-0.8201299214403073
-0.8267061583291355
-0.8292208385463706
-0.8372422711838269
-0.8323597027175844
-0.8350491704067736
-0.8233478292133457
-0.8319565402974757
-0.8317636723127143
-0.8339843789824858
-0.8250956447175710
-0.8253905347782233
-0.8270625132004479
-0.8313981577714356
-0.8251190788652525
-0.8283098033262832
-0.8333534069865111
-0.8253853103752392
-0.8289713267841293
-0.8282405167022276
-0.8307455165188975
-0.8224568822948635
-0.8312726477187300
-0.8279586640559674
-0.8325073453381038
-0.8319687314300593
-0.8275957424612048
-0.8250892504580650
-0.8298755005107574
-0.8239974242870129
-0.8332543288991893
-0.8229603665292871
-0.8259352944659798
-0.8262339644881370
-0.8339858921839509
-0.8297768871088309
-0.8292616354401542
-0.8297030959709001
-0.8293525880693503
-0.8342246113010231
-0.8229206923543311
-0.8297197734165452
-0.8275037841904855
-0.8328789675212798
-0.8238150678018811
-0.8241273454002991
-0.8256133592271129
-0.8281814322489618
-0.8185217479888787
-0.8277253886672191
-0.8358690321526974
-0.8296802283864099
-0.8407276474151714
-0.8266500817979495
-0.8274842366751245
-0.8250554356664639
-0.8291295031168423
-0.8305211597045659
-0.8288613846617577
-0.8273112479011959
-0.8275006562838237
-0.8304970997871931
-0.8296054985785305
-0.8390309250888748
-0.8303665534300391
-0.8237411208177789
-0.8272378444165724
-0.8275355136924101
-0.8346094579069649
-0.8305805444585717
-0.8193583744426214
-0.8266016190855592
-0.8226062902945491
-0.8179249526063000
-0.8291394794548773
-0.8323309858657585
-0.8303957245881431
-0.8264499752754410
-0.8275948565835438
-0.8316141378893608
-0.8282082577801183
-0.8357552004946743
-0.8337583823117914
-0.8246169937724245
-0.8303874488196461
-0.8296901127659785
-0.8347711859092385
-0.8361373909852080
-0.8251717274542386
-0.8356768418376371
-0.8241343233948599
-0.8303197002311934
-0.8303995255734968
-0.8232251150588503
-0.8346478750812280
-0.8232974372235832
-0.8292307540634851
-0.8269320639753585
-0.8274664423846851
-0.8301621353378744
-0.8283241049597959
-0.8275643686779839
-0.8285990422187595
-0.8346177912716712
-0.8335692658086161
-0.8298679930596008
-0.8304345040050908
-0.8337297662426463
-0.8362803855774001
-0.8360884014013701
-0.8270066545977091
-0.8310564176742561
-0.8286816750404271
-0.8346215928829074
-0.8173895640080200
-0.8348988158103459
-0.8290350482324261
-0.8354453568634858
-0.8336131782209810
-0.8221859061286195
-0.8296619222888367
-0.8294603109633605
-0.8350032621366047
-0.8281307371808903
-0.8340275667012962
-0.8318077816505040
-0.8316877864532379
-0.8321200567041761
-0.8234052847733884
-0.8231012403932927
-0.8325346429215958
-0.8272341850675771
-0.8280961610951602
-0.8306531166342772
-0.8358257997478684
-0.8328043632137989
-0.8341786753861287
-0.8311283936114737
-0.8320158430450405
-0.8286843034237826
-0.8282392065053373
-0.8337574799583705
-0.8269350704031149
-0.8282924644942623
-0.8262031440942632
-0.8267050981879787
-0.8264685070872048
-0.8230635928657276
-0.8314934667224160
-0.8374517657893858
-0.8342571020402499
-0.8324035835214774
-0.8322512608860099
-0.8337772255393957
-0.8339882143068343
-0.8299468712991545
-0.8282520629450717
-0.8307962132947648
-0.8253291842117965
-0.8208995172403274
-0.8295461213503079
-0.8336421061240801
-0.8290428381373105
-0.8276279689835925
-0.8244798799427072
-0.8297309308560715
-0.8284121100759162
-0.8303093927134076
-0.8298604412834669
-0.8291511815254150
-0.8313885634842594
-0.8313998189182921
-0.8286205701051044
-0.8319960699474783
-0.8326123986475557
-0.8321019453804358
-0.8348255498053044
-0.8336826375199726
-0.8208994027857320
-0.8325927252459879
-0.8281740457226271
-0.8331254647870873
-0.8382324416739808
-0.8250998637829593
-0.8263209197496916
-0.8364958899031765
-0.8300810080035496
-0.8288885828824480
-0.8247519284449544
-0.8301298640573626
-0.8330957407935841
-0.8373721918213878
-0.8281838094322403
-0.8257818719398641
-0.8327976546466863
-0.8349230118871880
-0.8329936876427533
-0.8291466331879180
-0.8299768703946854
-0.8316981324158791
-0.8241854067166599
-0.8323534148814226
-0.8343404906399093
-0.8305395168887901
-0.8290199981466561
-0.8373706987886328
-0.8291408461001121
-0.8268463623913552
-0.8319477902577125
-0.8273436675144611
-0.8229078819706651
-0.8257431902599677
-0.8338046159735051
-0.8233581262711435
-0.8324886114461351
-0.8292878265586621
-0.8357643342226896
-0.8259969503487553
-0.8327177829278686
-0.8340182825952484
-0.8329386192718148
-0.8324336036604266
-0.8274628863435016
-0.8290600694275253
-0.8275233813832236
-0.8280936206957276
-0.8413576817406817
-0.8290035595374154
-0.8271704334502242
-0.8274061929583818
-0.8253547934146669
-0.8274559484015152
-0.8278516831505505
-0.8226301851229018
-0.8291270375226306
-0.8322075312625208
-0.8340319350828116
-0.8379688360584822
-0.8350145182293615
-0.8309873845227665
-0.8308635629781670
-0.8296785885603656
-0.8266009766632740
-0.8280539988045410
-0.8325725316727765
-0.8299186409512113
-0.8252637073864386
-0.8304390755242642
-0.8327447758212341
-0.8224295032660388
-0.8315221277483915
-0.8292933594963452
-0.8271952525876792
-0.8241995335663296
-0.8323325977269480
-0.8263011558134093
-0.8308765972807347
-0.8313203407123021
-0.8311817794951002
-0.8236070700406035
-0.8347577741698262
-0.8370961615179852
-0.8292781640529909
-0.8315806576436277
-0.8335907030172707
-0.8342103370510427
-0.8303505864615492
-0.8232968057779219
-0.8303972233328248
-0.8318600023572080
-0.8383066541102984
-0.8292244352852831
-0.8298421083672203
-0.8277020315884427
-0.8330429192563287
-0.8235776210002443
-0.8297148144645071
-0.8335580444014278
-0.8213370211208950
-0.8269909683540085
-0.8271931462889360
-0.8261763080602820
-0.8299240620846596
-0.8372724638823822
-0.8259542216538109
-0.8329162479847471
-0.8264218386216294
-0.8282067974791550
-0.8374750375631382
-0.8259345655710659
-0.8318522361272054
-0.8267965639217362
-0.8277726530852328
-0.8320401222965110
-0.8291496651432336
-0.8351752045331223
-0.8299467905926678
-0.8254470099638473
-0.8281955820047630
-0.8317106472226307
-0.8303089717753228
-0.8376822093639412
-0.8331548836594632
