-0.0055207211307173
0.0212419041741476
0.0314752944404473
0.0086354595303221
0.0288084393541992
0.0250308386135062
0.0119064198550196
0.0254434203866045
0.0142891532177539
0.0260345677091602
0.0181543099414562
0.0242179206806669
0.0094172062063182
0.0319725021505171
0.0201614210325488
0.0204143230405873
0.0134159649860728
0.0214637847790285
0.0112957369276152
0.0221561733087698
0.0150213936335531
0.0199975467358643
0.0278970646660066
0.0223316951440625
0.0253985587190403
0.0246694353548448
0.0177831368033359
0.0076388071511678
0.0310109302034412
0.0162261324171656
0.0153151752189124
0.0263355080236734
0.0204638199806894
0.0236207333993779
0.0207416762732939
0.0217442400409370
0.0248148585395612
0.0204597708809193
0.0303861392435385
0.0277779866721437
0.0179603330958042
0.0144504413082889
0.0164609909484027
0.0268369202458430
0.0211749820027590
0.0213873057406921
0.0245977425258534
0.0282531586671173
0.0241574175188663
0.0114574078223741
0.0121193788905958
0.0125822165764124
0.0166572651438191
0.0215697420860909
0.0270441051496864
0.0171916904415675
0.0208291313004351
0.0237263317274202
0.0330220988373366
0.0208043695477802
0.0224265212086423
0.0208776648336376
0.0235573244590847
0.0264132103036426
0.0148023184058004
0.0214705622715813
0.0246268103158389
0.0134407053180009
0.0142838941914529
0.0203503112772798
0.0078225392849521
0.0221284906569203
0.0107732279561116
0.0245016745615318
0.0319462123017571
0.0215152474289794
0.0255207028465082
0.0221875940889751
0.0264992230136556
0.0205889063017365
0.0287964822373831
0.0199197538090993
0.0217187913643017
0.0152987891895373
0.0157889751783080
0.0172983049767159
0.0190337458403846
0.0271295697054612
0.0222743209997207
0.0234740733771420
0.0148676490054378
0.0116457775154092
0.0197819615763958
0.0121803856761483
0.0279508982373605
0.0151507674293412
0.0132569633339308
0.0191088263053544
0.0189507156181505
0.0238665083487316
0.0117577194621902
0.0143122883361101
0.0249377967368575
0.0170805963332721
0.0059400571216833
0.0220404666407776
0.0241989645311598
0.0319041656031876
0.0249712793294967
0.0121191468815250
0.0306320108836390
0.0169741781018563
0.0267752180702788
0.0182104176187788
0.0024640844931584
0.0162133612198296
0.0378597268067455
0.0224671853730790
0.0328275774945162
0.0248680614603427
0.0122834308978844
0.0170428209007584
0.0124136969996323
0.0107369815459672
0.0070788370951216
0.0288819246528504
0.0189328636228838
0.0269254940056747
0.0187032839580167
0.0239401294904512
0.0176731427908472
0.0407733431869497
0.0292332518543889
0.0182671342979076
0.0238706473862751
0.0253062607844090
0.0247258589483844
0.0165274052442087
0.0110197137293162
0.0134357962616049
0.0220193995615717
0.0130630615347817
0.0267803504018284
0.0229169711435190
0.0208695557615012
0.0229802396933345
0.0389324174085282
0.0250173506220307
0.0182931755044933
0.0211766619462503
0.0340317414736237
0.0162665787271352
0.0261538438172185
0.0261630392480876
0.0232703184578454
0.0170580250546710
0.0339057706722819
0.0184416588596644
0.0200963971467096
0.0265327608751759
0.0246461740933737
0.0133013105123728
0.0334447037599039
0.0312425943813741
0.0311348001458335
0.0304982051637901
0.0294665799721071
0.0158414045322069
0.0210901007757414
0.0230256931199163
0.0095517284235839
0.0140545721524978
0.0251549937942510
0.0419258319694099
0.0147955976225346
0.0215129222820041
0.0246907356620276
0.0155419843131766
0.0095964995129590
0.0178761756428536
0.0225671245574762
0.0252487012378508
0.0068154590972503
0.0113134526689785
0.0220522732436208
0.0226746607994860
0.0268072907442257
0.0307176726759987
0.0194449099238638
0.0181835285916208
0.0192813734298203
0.0280034977429824
0.0250435601990392
0.0267272473416661
0.0259671358141039
0.0131592715971618
0.0375606560423790
0.0057291484681936
0.0158299269154557
0.0289314224281314
0.0233702019453958
0.0185040735613140
0.0203217411409107
0.0249875169216072
0.0179172396121245
0.0241338504625772
0.0087051304748809
0.0197144369452352
0.0252152759363772
0.0244528741671662
0.0211719115316046
0.0271078965577478
0.0238053404691875
0.0181609576683488
0.0098809651671249
0.0206798200015780
0.0173513546290621
0.0254528061914658
0.0185817044032585
0.0351009727815174
0.0218994618739493
0.0134591094858432
0.0166329789679939
0.0243362533487475
0.0398303360768952
0.0273241014441277
0.0290100403705475
0.0312174117831301
0.0261712518173404
0.0273715495082113
0.0177607428597522
0.0282692601487764
0.0234387559164514
0.0284823565580454
0.0206062722223656
0.0324218631869039
0.0227358870534292
0.0144500412585102
0.0276527777969674
0.0185516242331966
0.0111015252802101
0.0167956671300548
0.0158800106339110
0.0193751426246927
0.0278666308839748
0.0244466264527719
0.0117239093169235
0.0102459885706574
0.0139909819106141
-0.0057344919722488
0.0050734129415720
0.0230455141129141
0.0266063383755167
0.0071666578793390
0.0165087116254188
0.0086285968580193
0.0137612344534371
0.0012408682757345
0.0216362217823603
0.0316157254046050
0.0159515552382007
0.0212861835056432
0.0073379596857817
0.0166090662818128
0.0229486898864315
0.0144747601083779
0.0241618392964089
0.0103896814520861
0.0256600888439209
0.0233501169880784
0.0280393557255600
0.0221492824351082
0.0268315951656293
0.0225079420190431
0.0169214816683097
0.0099900750721816
0.0127471046306365
0.0146563032001054
0.0212227167242115
0.0061460436950349
0.0172891416291351
0.0270192011898000
0.0266986489538458
0.0340209500519738
0.0065484088326438
0.0358306302741307
0.0286418973925897
0.0241692098930829
0.0347131651262950
0.0323174313742686
0.0203413557377335
0.0296979442836959
0.0138586248700872
0.0101699924127507
0.0141789790101795
0.0179289330970817
0.0105835522962273
0.0404117387365761
0.0162743823710135
0.0288796551171811
0.0247260030510496
0.0311291626138942
0.0119091888288985
0.0249404790644124
0.0215895511660708
0.0111264478908119
0.0310006542976548
0.0245385835007021
0.0178111355911082
0.0163623114995449
0.0125092732330891
0.0092451393595214
0.0178963831855091
0.0239582407402887
0.0158833776606088
0.0089607329083892
0.0246133046967670
0.0221645442875281
0.0202505703717787
0.0149346089834880
0.0131467637462619
0.0281875999302733
0.0203122000207826
0.0277743862859038
0.0280842922147529
0.0262998820666331
0.0240552055258549
0.0205167147391391
0.0306779133204523
0.0295770802377008
0.0196226871319915
0.0144276053735562
0.0188158013678577
0.0249243872499181
0.0152792681512839
0.0229988255328114
0.0276542217529994
0.0229463125195307
0.0323282264983690
0.0140299281891015
0.0283730200182757
0.0254996987198892
0.0336024903210398
0.0359775731726504
0.0225361790081767
0.0157457464504643
0.0293467307676782
0.0157901140871871
0.0131411649552714
0.0155603511873346
0.0224500959742195
0.0267190504573081
0.0265560445026318
0.0231725057769028
0.0197970891580567
0.0200141034591176
0.0293582565021267
0.0218298844376493
0.0227686829715765
0.0209706173356827
0.0101201668610769
0.0229092140353355
0.0177736133376455
0.0228850917158918
0.0285459684322219
0.0183615143635717
0.0195517117674994
0.0240419715115827
0.0284239723735739
0.0221682846901210
0.0146944427335996
0.0159973205415578
0.0231855859160155
0.0353432223771129
0.0190303184275379
0.0163264726309037
0.0251043096037909
0.0248479378462694
0.0143093411006267
0.0330070660123511
0.0143808277582665
0.0263565582766556
0.0214586619332430
0.0300734710890175
0.0185115564741935
0.0259239022951864
0.0211651431661835
0.0268564121662252
0.0228509382447608
0.0236948951740803
0.0263717434961271
0.0309690261734031
0.0228716556187636
0.0142732210934446
0.0206344670312206
0.0108884210386260
0.0245746206350242
0.0280490452094321
0.0269215095964403
0.0242328413463889
0.0346299482714038
0.0172800607060983
0.0217842804457326
0.0258113688360212
0.0198563006696560
0.0154601236582507
0.0206158963872314
0.0166927078688634
0.0045054573773679
0.0269461067487872
0.0253344779924775
0.0197355411941200
0.0165533262963501
0.0200344130704203
0.0220466092812671
0.0195176428169939
0.0112981251841076
0.0190924168541358
0.0207294720342431
0.0196656350533651
0.0291847888900459
0.0251524018307264
0.0274547366120455
0.0246988133951773
0.0273455890446796
0.0328560424957467
0.0324058449608418
0.0149683715540220
0.0286315966300539
0.0203824093612250
0.0115321508167121
0.0222784095000806
0.0186509691836968
0.0250106023643156
0.0384066996588338
0.0177096114704594
0.0181871698174232
0.0221637209250229
0.0265713731762405
0.0169288104137090
0.0183862044196766
0.0198622007782666
0.0149848395578705
0.0131501788408359
0.0182955355227016
0.0152653861696256
0.0249322241556381
0.0195840792178417
0.0143703882467422
0.0380632158104442
0.0282970399071984
0.0319361377714477
0.0187717917764547
0.0272607837650205
0.0382380412098587
0.0249864271946550
0.0288994894968138
0.0185201018126869
0.0299495918289790
0.0343233315910698
0.0175816900186944
0.0168483039634835
0.0178744263953535
0.0131352359260031
0.0342010497236680
0.0230580430466526
0.0199598100391974
0.0158942062286012
0.0195386577189337
0.0223160180705187
0.0127557276723588
0.0290568991581148
0.0113615437020342
0.0303082124245746
0.0179029469851429
0.0159703976796280
0.0129203412634804
0.0215914815575306
0.0231125385348371
0.0301558254547367
0.0371832540813157
0.0173846412349549
0.0351923910744077
0.0253630674282529
0.0400495345051558
0.0210999940064676
0.0333868065061938
0.0168212968598266
0.0192089481334421
0.0193538357953139
0.0221989086090467
0.0311556707335312
0.0317707457641390
0.0082312259612741
0.0118110439319805
0.0283133756695114
0.0290117365815794
0.0237903467143352
0.0193092392059474
0.0114955780443020
