0.0485390940476486
0.0405774159267916
0.0291466028730308
0.0344402365216663
0.0170853098013529
0.0331234629215488
0.0325214258396288
0.0360741501601124
0.0240343396238550
0.0278019318286850
0.0368952868073224
0.0216235849227393
0.0274726759921168
0.0277556585816214
0.0315033983967415
0.0473695301666669
0.0106463460250835
0.0314626153107650
0.0381604748677414
0.0379048559770886
0.0233586666862286
0.0195905381501663
0.0220086700351971
0.0279272410531710
0.0326449548322742
0.0353173171329675
0.0313058573627137
0.0268434347268113
0.0339943407584569
0.0219549802972246
0.0353157671736406
0.0341298007281293
0.0215020465534619
0.0419047813088068
0.0229447869019765
0.0279885832724466
0.0335927348127611
0.0249475970236939
0.0331926561133006
0.0321643566172014
0.0117024763170037
0.0349064620236579
0.0234298845339403
0.0321636783446296
0.0273497872347151
0.0358705332160675
0.0282295843093438
0.0299541129068102
0.0257318222271993
0.0386629678687698
0.0271935782517017
0.0202602838359242
0.0394721426413968
0.0327156607660314
0.0260500837329402
0.0258999992302348
0.0288331892178996
0.0350939948144129
0.0236132336621827
0.0312573525601024
0.0219477781927986
0.0320134282174298
0.0291026993866068
0.0432872937630215
0.0369252484460946
0.0322743762082414
0.0297738741862636
0.0342183405164141
0.0259039736562680
0.0189334874059902
0.0316889756146495
0.0381134125256287
0.0400548363584405
0.0318812667554000
0.0339965204004616
0.0370302849351101
0.0256519120755784
0.0260522100315538
0.0228146365073588
0.0392197336142500
0.0351111428082394
0.0318730257475209
0.0295725392988904
0.0312898391400586
0.0317229366706059
0.0302702870636502
0.0227845282130826
0.0215488892652784
0.0304502960548728
0.0305022280896180
0.0293242223924258
0.0330565170705797
0.0345627663142043
0.0287180254534595
0.0374080436267313
0.0300925245133002
0.0253512525404891
0.0284881447130097
0.0275528306207378
0.0251713342824668
0.0376706999885792
0.0336517671966389
0.0414643425213823
0.0290382816798750
0.0316613072570497
0.0296519626370722
0.0313505875812498
0.0415274069351012
0.0288347978093173
0.0309239834353367
0.0413726765505121
0.0464515718360970
0.0247070591872116
0.0354275389329608
0.0321796573197019
0.0287138296974768
0.0232220556417440
0.0266850116173644
0.0237000048550622
0.0264075335198481
0.0340102565615170
0.0329082340994781
0.0343481717544978
0.0345021573709461
0.0352999990117810
0.0358217862162509
0.0330602244505931
0.0403632362016905
0.0317046521207171
0.0237024994902264
0.0200302840684619
0.0423773496595292
0.0243532283419018
0.0333543179863887
0.0249300181502825
0.0093648937431368
0.0317404557359425
0.0257688958950088
0.0401298545873947
0.0230138487204973
0.0405662634703846
0.0285700681748075
0.0242764515263534
0.0428775573151660
0.0297608771819638
0.0337644434445027
0.0300291444117014
0.0328471006237308
0.0216756702515946
0.0230237577053643
0.0348027138522139
0.0341604033235274
0.0225935488725260
0.0299465385643181
0.0332211095434311
0.0294667510190067
0.0346198297052239
0.0399850880145243
0.0187534784659496
0.0286719830966584
0.0351847426922701
0.0203580992039064
0.0339461700705048
0.0367881508051629
0.0318591491497858
0.0261635334710532
0.0188737901019782
0.0311268824167780
0.0342278292564040
0.0263575544933713
0.0309783090516264
0.0375743035525421
0.0383019374036928
0.0272214703417943
0.0348937045028209
0.0194186400670789
0.0224212737627479
0.0292782065605895
0.0391698585758628
0.0388574661039666
0.0317356806768664
0.0167360460154421
0.0374545603905807
0.0348660685367448
0.0425869497489254
0.0290896073289688
0.0411583733309656
0.0204883011752589
0.0306655986033097
0.0426285668425888
0.0310925581576109
0.0230264236822591
0.0372321248441376
0.0320937026587342
0.0278014176171448
0.0217071390716582
0.0317387610685790
0.0242324647825142
0.0220374767749072
0.0347144979682345
0.0314619432899865
0.0237527041804090
0.0285453043903419
0.0247144680662354
0.0232309233517774
0.0373223073665037
0.0252772215779478
0.0183700138372604
0.0333137572260536
0.0303967891322077
0.0231017576784554
0.0297855826689529
0.0249775736256528
0.0332145028127396
0.0373829520207593
0.0287179555890883
0.0219905194488105
0.0376111780033394
0.0323811612416636
0.0267512870006503
0.0234759001994884
0.0183751989513978
0.0223883194462059
0.0309337519714996
0.0323122823327719
0.0335874955587783
0.0285581538719409
0.0395018264489933
0.0235855179295463
0.0253176284382466
0.0361383810552104
0.0416957695687054
0.0225436495073562
0.0227873643142573
0.0408379276456100
0.0297202879424828
0.0357496197453336
0.0374561936101225
0.0490691564787600
0.0335676786893388
0.0326321815761425
0.0339945035645680
0.0299553624201359
0.0295429081814662
0.0293191014041234
0.0330312329285889
0.0297246221756593
0.0457110048207665
0.0220552649376379
0.0283101566324172
0.0334767747427785
0.0433067630781563
0.0340982003717876
0.0201362590963874
0.0301640883782846
0.0194009263988339
0.0338937881979961
0.0383627606629203
0.0313597896359760
0.0342149437502708
0.0337221804777349
0.0243240690236360
0.0389636163188147
0.0318952411532553
0.0306974054011306
0.0222590616507179
0.0331208618247485
0.0390464549582150
0.0418118916208479
0.0387622105366514
0.0376765503038538
0.0315687081067241
0.0335949695378712
0.0281966068990624
0.0263009797186502
0.0139092544589323
0.0219630137187314
0.0273979366298576
0.0308582014341375
0.0314933669495742
0.0332484054662625
0.0278200869367569
0.0229785657283802
0.0317415201266514
0.0350725111960732
0.0351858331534603
0.0348087300343909
0.0403125603250568
0.0410856729466741
0.0332040826147488
0.0293616797272824
0.0328421173728730
0.0271914502878964
0.0243994771629189
0.0285715819481709
0.0304084635586487
0.0438254768655527
0.0226597559925991
0.0321588321763045
0.0293675911569049
0.0411612264162848
0.0348496111620474
0.0425092175453164
0.0282501988016175
0.0194263513504694
0.0255137053061943
0.0405693113116325
0.0338393210239642
0.0428546708266646
0.0472601847502783
0.0423164962973188
0.0310745340354246
0.0303237251813600
0.0307519140632515
0.0297979638966528
0.0311961511305795
0.0373110581642048
0.0251157966799572
0.0323842890769783
0.0448396800759874
0.0252208838806512
0.0296267597688081
0.0339399465732221
0.0392289524617617
0.0273916301041549
0.0250410789084132
0.0157024110969110
0.0292027172870661
0.0357127816925541
0.0384390747520330
0.0306283736121522
0.0220887393054032
0.0405426773360593
0.0385593627147887
0.0369087917763028
0.0376269163090409
0.0122109256885985
0.0212035827791798
0.0289077728110831
0.0281238913262792
0.0332411976428676
0.0369197918034521
0.0187709243788147
0.0338253419255270
0.0296966942322367
0.0386570201930805
0.0335343555436247
0.0236344476491903
0.0408784902863335
0.0106758016312734
0.0298226255897714
0.0335901377890216
0.0351633103670888
0.0206802439964670
0.0282371826095579
0.0231668575971247
0.0401784621615088
0.0270188121533422
0.0201214591007354
0.0214303955127457
0.0394934153021506
0.0330730343466338
0.0415783266954973
0.0299007016475632
0.0265558429170487
0.0421158499955219
0.0346081309130148
0.0312292432908797
0.0305164810717030
0.0378357132935772
0.0354767785750134
0.0404410649390862
0.0284701998328035
0.0327749280172507
0.0365214135914817
0.0247190764543037
0.0172224241500745
0.0327534984790618
0.0360164971940416
0.0299890909053568
0.0220741675190785
0.0266932566041576
0.0456634150503939
0.0362722961857227
0.0355025520625652
0.0235904473794660
0.0320989721458658
0.0303341252939851
0.0320068521476545
0.0334836806595904
0.0373874731791162
0.0350504261366980
0.0237693680171676
0.0325860282429633
0.0243343711902063
0.0320783968097204
0.0189324485893854
0.0336500202572203
0.0265787233673529
0.0257338014980523
0.0316157809119000
0.0409953568401355
0.0235688862274421
0.0207603035686178
0.0231518039658193
0.0246555221739317
0.0264710878674007
0.0342752152322566
0.0291137463603933
0.0283070249881908
0.0286957499666386
0.0346202593094207
0.0306874779214069
0.0285031256002743
0.0240382709397656
0.0435704051370993
0.0314337638593059
0.0301685974191241
0.0316302118455085
0.0416374939213205
0.0378681547515971
0.0427564426698899
0.0326145118118578
0.0326379777718497
0.0167746127985280
0.0233653107097665
0.0239652353119021
0.0334063763056874
0.0376743756322077
0.0324573747606213
0.0290452279839465
0.0380948359395326
0.0402331044602511
0.0279137443349914
0.0401812739965709
0.0350277113871423
0.0108037976662231
0.0240437213641130
0.0252783999399849
0.0272927665483947
0.0232419924853973
0.0388680058084950
0.0156928657490909
0.0270667757779329
0.0368014986977806
0.0302257425128739
0.0388317839754532
0.0456241176397821
0.0308541244453400
0.0261965635708480
0.0455586754756714
0.0266712256642427
0.0254550419340399
0.0284663228787997
0.0323347241891985
0.0347063127786102
0.0335583006621095
0.0322653427250753
0.0330908312753844
0.0389110130927115
0.0237591957436837
0.0390048834852546
0.0261400096664517
0.0406019702579179
0.0315543484822517
0.0226989542320957
0.0381230144308753
0.0359451544399205
0.0321313956129599
0.0399543298389863
0.0304947778155439
0.0152397258571111
0.0307790640027444
0.0336268355502140
0.0373904953809740
0.0381791338021165
0.0395039624147271
0.0248195779805079
0.0241216566632030
0.0400202292957602
0.0242918923302086
0.0250899218721732
0.0381694383362148
0.0333167151343288
0.0315771641304093
0.0342977544563350
0.0382094399621759
0.0296494631540492
0.0412599701991895
0.0356241890916945
0.0274224610077425
0.0293015233103295
0.0307298951315904
0.0417659828498266
0.0316158038380569
0.0416527860110712
0.0333390584104745
0.0298545381931434
0.0332761574123876
0.0264076028708794
