-0.0154027871134380
-0.0218982474200445
-0.0192724977859647
-0.0096535466252525
-0.0228856403929459
-0.0162662703275096
-0.0273507150961227
-0.0161772810703793
-0.0115073716621799
-0.0131570849993686
-0.0283620723080539
-0.0148777534491990
-0.0229362687900945
-0.0202170748688689
-0.0308455145507308
-0.0189081819141420
-0.0305220913090266
-0.0139787657646900
-0.0260573389589567
-0.0117235204610979
-0.0362460393381017
-0.0004844949588290
-0.0239273843080762
-0.0178911256295231
-0.0267287181234331
-0.0146647091276376
-0.0276856077923743
-0.0133918191333322
-0.0135183214166114
-0.0283243177076500
-0.0249619444976845
-0.0226845546828634
-0.0216201392564147
-0.0176446006107851
-0.0202417429254352
-0.0128685535618776
-0.0207736745747026
-0.0248340405473038
-0.0115533528636478
-0.0185131728195057
-0.0303919385939316
-0.0205563625773207
-0.0381013502745554
-0.0260877305539382
-0.0126009816753744
-0.0180431533018133
-0.0210432505527538
-0.0193275109207454
-0.0208283608210502
-0.0182457886985601
-0.0206954973885839
-0.0244179393677585
-0.0132050138644735
-0.0148445889649305
-0.0331846096345946
-0.0184070111063462
-0.0197816548683674
-0.0352125075336757
-0.0229743954525132
-0.0230000031887193
-0.0198580771571846
-0.0278810152040152
-0.0146483143159874
-0.0213575279868985
-0.0370667121908907
-0.0315596616806013
-0.0186269373607944
-0.0155287743151758
-0.0192231646290510
-0.0254452679349931
-0.0286234819535942
-0.0170108236443058
-0.0213229409224068
-0.0090240989525871
-0.0123077447839459
-0.0145750691370825
-0.0128966609626808
-0.0154129681106816
-0.0115154444496050
-0.0268119577609753
-0.0157149309974243
-0.0099542194647265
-0.0230580843533239
-0.0119565986593626
-0.0177826449662848
-0.0240803028170273
-0.0278462690922366
-0.0168613770079457
-0.0176497062448451
-0.0129652649305076
-0.0390328636784295
-0.0320078869479698
-0.0154977108708176
-0.0135774369832435
-0.0197505445630095
-0.0161771896206903
-0.0241027544519874
-0.0159728589704433
-0.0213427881362165
-0.0280919392457537
-0.0194767227198671
-0.0248081640075946
-0.0144545917683789
-0.0192824674830221
-0.0239526904840694
-0.0211303394552694
-0.0119440366168989
-0.0130658284294261
-0.0221775013641536
-0.0109228189934585
-0.0322346808225083
-0.0227475281136723
-0.0173458822952902
-0.0138619872157799
-0.0098520606308909
-0.0224595567590534
-0.0240628043327269
-0.0216546830059514
-0.0230498302258232
-0.0141033241893343
-0.0245341081566585
-0.0269133403202952
-0.0199739202243121
-0.0126996139657766
-0.0302682344504972
-0.0286729720961790
-0.0274686950097121
-0.0332912278087615
-0.0124397332994900
-0.0199263771688295
-0.0349068058104332
-0.0012695488882078
-0.0282656995565550
-0.0187160063032399
-0.0311539349260293
-0.0303655892023434
-0.0203129827369109
-0.0271559985532408
-0.0311318387011980
-0.0208834758003532
-0.0214654923099667
-0.0104499862503915
-0.0117555051501987
-0.0232484276679208
-0.0218152652263066
0.0004688949600944
-0.0140041932392152
-0.0163995244250629
-0.0227773412486540
-0.0214369188390480
-0.0121778561597057
-0.0245436825622742
-0.0145481539598204
-0.0285150920766140
-0.0197150432360733
-0.0106923294583485
-0.0240567513555381
-0.0274568613047827
-0.0184440945286593
-0.0239956484124486
-0.0175391821329186
-0.0217672595424382
-0.0169274861182051
-0.0254491153086284
-0.0191772642702616
-0.0342347442442759
-0.0244754029170553
-0.0278154425585496
-0.0407380538075997
-0.0133326684136488
-0.0218493598791915
-0.0283999457098032
-0.0206226761318822
-0.0220338682294042
-0.0329932193092732
-0.0273712074694918
-0.0334905681660643
-0.0282356120527260
-0.0210670363517502
-0.0157617340339522
-0.0288655171737363
-0.0219830376291889
-0.0066429587400722
-0.0286677664880291
-0.0304057651236793
-0.0076724885759849
-0.0304190985043620
-0.0347385467247310
-0.0015455401006738
-0.0171576792688733
-0.0217608340647591
-0.0243033041451177
-0.0159776403576307
-0.0121365579774554
-0.0229843089274598
-0.0172989817466041
-0.0164666857235250
-0.0162039558919218
-0.0296527691715067
-0.0260242876696696
-0.0212647097692338
-0.0232097888271214
-0.0193896086109166
-0.0065833825124882
-0.0248242229203751
-0.0163433274245390
-0.0152887788475734
-0.0182518019754265
-0.0161870091268152
-0.0236478231626284
-0.0164462454646641
-0.0177436469045265
-0.0199072106778244
-0.0228740301885556
-0.0155960743123288
-0.0219440201708036
-0.0153418528202655
-0.0221707622736145
-0.0236547525817695
-0.0275182420463901
-0.0291398347220025
-0.0117092758396713
-0.0133299965624528
-0.0195115704047840
-0.0168203862603314
-0.0217664043919232
-0.0204706815930930
-0.0166186674186359
-0.0204664738104153
-0.0104138759968826
-0.0275215119176107
-0.0093667047890872
-0.0145941205528630
-0.0236433954229362
-0.0314802838136709
-0.0229789795512336
-0.0198523453829224
-0.0234928642632338
-0.0115620942399814
-0.0240926442468082
-0.0214072439622369
-0.0322947875073625
-0.0142922948403109
-0.0247221851974736
-0.0216284730502160
-0.0223484524023007
-0.0284446486680089
-0.0327314945890865
-0.0278891219758129
-0.0271444214581680
-0.0208728409351789
-0.0167902090072215
-0.0128417754441334
-0.0119465758258944
-0.0091751878836549
-0.0178216215296807
-0.0164942426515719
-0.0194178920945637
-0.0221596524237227
-0.0308410535589261
-0.0238014171060088
-0.0188397484456858
-0.0241676302113118
-0.0164643611108279
-0.0239687326649056
-0.0168904695252531
-0.0161672924730150
-0.0229791790876579
-0.0191183990442743
-0.0194604436051926
-0.0124511120833004
-0.0203431010137798
-0.0217658028257571
-0.0267890725759968
-0.0231251843293154
-0.0264350797530148
-0.0310095059066823
-0.0170151058969243
-0.0292254654298151
-0.0181489919750680
-0.0255659383688868
-0.0171895741206167
-0.0232223705666922
-0.0201315435776818
-0.0164786604106344
-0.0279295813847096
-0.0350411702444568
-0.0067195781433527
-0.0250001440659501
-0.0290957505154744
-0.0222435201761868
-0.0108278732642385
-0.0164380955758301
-0.0177239356550244
-0.0142097682107936
-0.0223176742551470
-0.0198433935828592
-0.0174611773681319
-0.0194727410189641
-0.0304395389599457
-0.0089828648889682
-0.0182232859020473
-0.0168902595655226
-0.0339634296626816
-0.0269523144227764
-0.0194285870593149
-0.0220616850525351
-0.0171683900685681
-0.0221175663060704
-0.0211597049348581
-0.0160229059117330
-0.0219769290762246
-0.0156903143086216
-0.0211210080388064
-0.0141351941999395
-0.0274672920027196
-0.0257833489432568
-0.0226616369204339
-0.0161350651850480
-0.0213574836881068
-0.0182590478522169
-0.0197856656132781
-0.0169300366318300
-0.0197748407428689
-0.0151675275627746
-0.0271789329497435
-0.0247232967368740
-0.0315683763444081
-0.0257740993531861
-0.0203996954118332
-0.0327462422266728
-0.0252815732204390
-0.0280725338876869
-0.0362274668372793
-0.0119856152223308
-0.0183262731475928
-0.0087261669534368
-0.0236676733700322
-0.0247141539164746
-0.0334313848075264
-0.0262936867764269
-0.0194822489991174
-0.0190882522617348
-0.0210943776564151
-0.0250163425996443
-0.0134909589985971
-0.0152687207272683
-0.0258747778588184
-0.0174436058870659
-0.0230719421430307
-0.0325616420339147
-0.0259806050166063
-0.0182253808373714
-0.0318213178499430
-0.0149571496117446
-0.0133856080560669
-0.0172255547050253
-0.0243070164345392
-0.0159331838205088
-0.0220183477227100
-0.0117287340031177
-0.0195639827435933
-0.0222117930966147
-0.0196052369946203
-0.0226158786875657
-0.0047784037267070
-0.0095088775360437
-0.0203046892203062
-0.0221198409890880
-0.0199916212493699
-0.0275405688351413
-0.0231498144203880
-0.0173896704856608
-0.0163112368828949
-0.0137675354738471
-0.0201847002642049
-0.0246438513054077
-0.0174993092067952
-0.0264910043761517
-0.0248772092544125
-0.0309038997138629
-0.0447620028204948
-0.0124002493690909
-0.0288878864818291
-0.0224214243923339
-0.0309077866928710
-0.0184764596533506
-0.0228661101583563
-0.0144406175617268
-0.0263535372852919
-0.0029320145708975
-0.0262428767500459
-0.0245550672753816
-0.0312262481566064
-0.0222488126063316
-0.0125586518203888
-0.0336932656030030
-0.0343284996180464
-0.0130045618069903
-0.0092751691434905
-0.0231312664401041
-0.0223150580706842
-0.0318917102881696
-0.0258022378784648
-0.0134415972641146
-0.0167495043192724
-0.0130215094620777
-0.0192821309705844
-0.0197884314029904
-0.0334633370149360
-0.0214058706114293
-0.0225338516397156
-0.0161158589224428
-0.0168965094402414
-0.0101399804951564
-0.0182134988810092
-0.0238717803929247
-0.0255450754057093
-0.0210109308076135
-0.0130174190382566
-0.0173157733973359
-0.0243620564529120
-0.0065376413835698
-0.0035334687841142
-0.0283820147355789
-0.0134452735368498
-0.0237951876736723
-0.0220406792021693
-0.0137406910723183
-0.0226939674323538
-0.0110205358478079
-0.0200259396718085
-0.0231583547019075
-0.0275968580307811
-0.0144737218571978
-0.0153432454151650
-0.0313160841365656
-0.0170632634123794
-0.0239548721392189
-0.0197361081001759
-0.0145999940183030
-0.0278113403347203
-0.0180179316746024
-0.0209570598818872
-0.0239898024766246
-0.0192412376678431
0.0009167221158188
-0.0057030445598914
-0.0330478898772653
-0.0143394407389015
-0.0172579127023198
-0.0091606101116809
-0.0238044772842901
-0.0090216325491784
-0.0176869076810971
-0.0247392337615080
-0.0247966502885325
-0.0288999261518784
-0.0209452986495757
-0.0294013260399057
-0.0191797009555720
-0.0283691642795772
-0.0205229252322104
-0.0315791496403564
-0.0274709464294847
-0.0316658384183769
-0.0113461957779885
-0.0207537059784040
-0.0214650772156870
-0.0307961682600854
-0.0197616654918232
-0.0277352687297842
-0.0300957259393531
-0.0239951997735917
-0.0184838789466405
-0.0155594929876924
-0.0135633795198795
-0.0208465204871138
-0.0207371366244462
-0.0257685738916470
-0.0241823694218634
-0.0185375762894006
-0.0187290100189438
-0.0168613810712829
-0.0254330979193500
-0.0349051395775851
-0.0176583064159047
-0.0233785726979460
-0.0195162366162832
-0.0291164536881307
-0.0195125548019699
-0.0169946262658145
-0.0215183501361813
-0.0286605943339441
-0.0250494863035923
-0.0193460064275646
-0.0319217249086952
-0.0146501986613168
-0.0249433253817572
-0.0174534354605659
