0.5801487102647136
0.5864602990034015
0.5841610586945667
0.5916948991722998
0.5812408821031857
0.5965356059751423
0.5853510531887481
0.5932784402739355
0.5834557582487632
0.5834381593812432
0.5905317221913650
0.5864024739972692
0.5895300645607165
0.5908584570759493
0.5875503720493195
0.5864236229476995
0.5778193402475379
0.5865999847461397
0.5904984886984511
0.5891742275119896
0.5948886336426997
0.5859455894705552
0.5890418467495431
0.5881639577126527
0.5889351138349750
0.5809794569466107
0.5973406953082967
0.5919560189484643
0.5854133243861080
0.5854674000565196
0.5883335832916592
0.5820767479990430
0.6001837421260772
0.5884254976714677
0.5862099353500161
0.5892372622830976
0.5903905137111446
0.5858388457589769
0.5863128583393515
0.5868079823415394
0.5688188048533896
0.5899101947828693
0.5949306057384579
0.5873123358736744
0.5877127536552894
0.5884539255765397
0.5889006447044373
0.5811303841299630
0.5846872398395948
0.5878362054647905
0.5850474611028266
0.5885320882582481
0.5780076580571283
0.5905026186320395
0.5919847395170690
0.5931009998287333
0.5920143159818811
0.5962471308990969
0.5850210736947563
0.5781105795802152
0.5883522777231233
0.5971868988539516
0.5917557693693859
0.5838463620901154
0.5878927030617614
0.5796488976339563
0.5831219775379097
0.5890666139875954
0.5807465998854606
0.5912663426661435
0.5833478461137612
0.5904355815286354
0.5872081824074302
0.5933716231127867
0.5926867672966850
0.5868816880137674
0.5849241130171038
0.5902775601232497
0.5854123205985253
0.5945657353359389
0.5870482769556933
0.5818922657864181
0.5771863723137733
0.5912246370664098
0.5832657813266521
0.5825226717038384
0.5985811692900121
0.5863681792759009
0.5837877288398173
0.5886211260436932
0.5867120824887723
0.5890019098694769
0.5834440967166102
0.5765612590493973
0.5755116683594420
0.5888282612244671
0.5924509439234545
0.5885037907901191
0.5968974043458413
0.5918029946124216
0.5855540798859689
0.5921486798657111
0.5789599537169640
0.5907082224680661
0.5890161748045647
0.5874522485505417
0.5913556958941680
0.5808261792295163
0.5906260413575246
0.5824883371451575
0.5857612646608067
0.5938329510033432
0.5855989391138675
0.5748530638335667
0.5861935539625067
0.5905833177824734
0.5899888813264337
0.5869503625718980
0.5897561382780548
0.5847953827510218
0.5872985320287318
0.5921401633125386
0.5924058845209444
0.5891522582221133
0.5886799186971136
0.5861808228133292
0.5899329396696431
0.5842529908167406
0.5880496860360295
0.5837961650157384
0.5918222857016816
0.5842657196034885
0.5927190627653024
0.5843837409504659
0.5842496784273100
0.5923241814376016
0.5832945471265581
0.5901628360700866
0.5902915754516187
0.5846186097288334
0.5986863630341864
0.5827976327000552
0.5932784317003057
0.5783140484085739
0.5836660661150030
0.5890180954957976
0.5880186971829773
0.5876927835160687
0.5766669007942672
0.5818068618992158
0.5767119062892802
0.5939659409250196
0.5842533607284821
0.5792992459602332
0.5897935186496794
0.5898541456204374
0.5886763725785392
0.5839374989155500
0.5870674013927691
0.5765747522751208
0.5754716264616082
0.5836865051451180
0.5853560626734831
0.5909424295404173
0.5910479709405335
0.5973740034159742
0.5887137600591321
0.5888605641431888
0.5880923108834429
0.5974559763770888
0.5845185717727418
0.5770715089126857
0.5866866830708185
0.5890200717241203
0.5881096375143045
0.5821826242678330
0.5869280078508037
0.5904814476819918
0.5834240835559826
0.5849543381510122
0.5925234514720714
0.5856996721111527
0.5908222220685532
0.5974503477204322
0.5878060324578506
0.5814803589082858
0.5922731544039772
0.5800609166004523
0.5883533131676612
0.5931406925308415
0.5962791581282439
0.5899229604639297
0.5933609113528865
0.5793609588675758
0.6059413395423894
0.5836182307580987
0.5809820715669733
0.5865127514534659
0.5965915077225089
0.5906333493988660
0.5914869074782396
0.5894657214481025
0.5861936420194048
0.5823035904415831
0.5752099707072805
0.5865107391629505
0.5968051049831082
0.5816785308046426
0.5785108066647490
0.5882982714772488
0.6004518181452165
0.5883842062663028
0.5843584586849617
0.5881311273139618
0.5947354255322735
0.5940447736381476
0.5836260370362737
0.5811521085518551
0.5845784682141152
0.5935641621795652
0.5922609406397700
0.5968370937578523
0.5814511462519254
0.5851834122373833
0.5834445692554197
0.5873282642455534
0.5942116892731067
0.5812533848261148
0.5861292707738316
0.5767049117061632
0.5927622903725210
0.5927750894548605
0.5844847119811001
0.5837886638248884
0.5891138083271958
0.5979772009713860
0.5808842622179975
0.5883596165906881
0.5908933333727182
0.5866759793333931
0.5911113376445143
0.5874804863735255
0.5895361529468000
0.5843646984018847
0.5874653074962081
0.5826865032893888
0.5813229395815500
0.5883837407523325
0.5836981998517257
0.5879419343598162
0.5853996893718593
0.5926214856989840
0.5804249693614131
0.5777141409311634
0.5854201314997977
0.5867698305740787
0.5926443794897833
0.5885416320468230
0.5828789723593957
0.5884762456590963
0.5847526989035084
0.5870604917070760
0.5884705533325615
0.5876643913102459
0.5993596623173780
0.5918976603436960
0.5819977418559443
0.5814312939092011
0.5894233933635824
0.5852154785038285
0.5910984756106527
0.5945509442605008
0.5863560367554080
0.5857603196450453
0.5902157913089205
0.5867479233636929
0.5876426782995331
0.5935983877198830
0.5799356811515202
0.5862585588784908
0.5828731092036946
0.5854701609547618
0.5901109680910280
0.5765457437502680
0.5829021735512372
0.5872289186618436
0.5986642658209974
0.5908850029901234
0.5875594752458618
0.5781259122829312
0.5818960731914663
0.5794350290330325
0.5912859768467404
0.5883126852086614
0.5825867847602796
0.5845357177103256
0.5843862947072560
0.5866869580828248
0.5817879534022196
0.5833940898051023
0.5876028820664756
0.5834925495679713
0.5807269325976508
0.5821994471003774
0.5910066833448993
0.5852482289124173
0.5968417654853715
0.5790160791462455
0.5846616064512187
0.5809856445384943
0.6011212280269949
0.5870174633894101
0.5840907714331968
0.5863454037694781
0.5826062639604879
0.5894355177902156
0.5904365306135722
0.5893428313784012
0.6038851240455041
0.5831242175193364
0.5877891720346171
0.5874084188914566
0.5833756372023344
0.5861888497377369
0.5827410220529021
0.5897001585423887
0.5887475613833055
0.5834999380451245
0.5837305464769775
0.5853922167786459
0.5902846929151002
0.5925821028987087
0.5875926275247990
0.5943930597249756
0.5880087282448211
0.5926679846499217
0.5999552015541941
0.5898541253315666
0.5783863046140608
0.5932527725415510
0.5731808604963509
0.5831468636103510
0.5963625479309758
0.5859808806108050
0.5902947982007261
0.5993225593156892
0.5869885798579529
0.5844427893013397
0.5850098396707428
0.5819332484155691
0.5859275744894350
0.5883147321562952
0.5959270383987408
0.5832811982005915
0.5922370474214649
0.5969232191891553
0.5939395952935428
0.5874300079376982
0.5958915669607256
0.5924984677109255
0.5860381758405286
0.5846511594435430
0.5859683088836242
0.5845435705084141
0.5920135132274121
0.5872809243605419
0.5906760224642317
0.5859379088288033
0.5829432594608296
0.5792343970880400
0.5853090080148036
0.5865370650035396
0.5914919488100963
0.5907617948289229
0.5898139729074466
0.5880010121583724
0.5913108944195108
0.5844581693356223
0.5880746860735746
0.5909561149600968
0.5843980878910059
0.5881046130489773
0.5847653887471028
0.5936044631730280
0.5853099754541233
0.5898349311073299
0.5837180554942296
0.5859083315478403
0.5822888098801591
0.5804083629800819
0.5809710149823293
0.5844026490030011
0.5864884039460844
0.5918342196263978
0.5842664231528999
0.5919928494919030
0.5898252119256545
0.5831521362825021
0.5847885940833113
0.5851119089821303
0.5887533225890953
0.5814915553043257
0.5928003225048230
0.5835475645360606
0.5911588347840676
0.6021263357737842
0.5836253584210137
0.5886577449315867
0.5865145429289731
0.5791753312717710
0.5914983303871497
0.5964622030354130
0.5913649575233085
0.5888579433596697
0.5766329937829447
0.5981283407645329
0.5867245103820824
0.5919024168010055
0.5970200671603693
0.5926762034525828
0.5848772533060109
0.5856782464487933
0.5887651869303385
0.5720557744022574
0.5958683520834301
0.5941349117500350
0.5879756717539227
0.5897365851210880
0.5843609445229216
0.5862237414506709
0.5989297905990264
0.5825900116629645
0.5803635141793582
0.5892679348983944
0.5880391956366755
0.5864492576935558
0.5921505038624943
0.5795063595864516
0.5947448694916443
0.5844549308827339
0.5822769483244352
0.5848962816110809
0.5968327534519832
0.5978406876166538
0.5970041485173696
0.5905267285804768
0.5786946985584166
0.5963148065896846
0.5751965210634850
0.5987202310498115
0.5852312805066442
0.5929715566969499
0.5888005239156304
0.5942324597571432
0.5852903126904520
0.5776539610428811
0.5847226565605678
0.5812687544236566
0.5987095596747664
0.5862153856805208
0.5872936429551963
0.5821594659233025
0.5826338100711695
0.5812627888257476
0.5986734183010040
0.5888354784880810
0.5903501416319900
0.5873886493400973
0.5866307859739798
0.5884646804310251
0.5874890992859328
0.5773389344409474
0.5887579165316160
0.5943502421853134
0.5975410735338171
0.5873206888122300
0.5769654926095554
0.5780664931323030
0.5885246149383930
0.5788250269535161
0.5866210868662917
0.5877291910346328
0.5819086936261516
0.5923345619488581
0.5861993114149764
0.5825018208447718
0.5899011656871384
0.5852224821835285
0.5886374569852263
0.5788902279243141
0.5957225853670246
0.5843957930163060
0.5831320511075615
0.5771266035539143
0.5785576471558391
0.5824163074825610
0.5719923437675263
0.5939040128225054
0.5847258528038372
0.5874744372514082
