0.6411654981280159
0.6448221283744977
0.6430723612145343
0.6393040285827676
0.6404413144755365
0.6441032597696575
0.6526380557776634
0.6477040252555866
0.6404347267423876
0.6595233925017909
0.6502407454176172
0.6439051986132287
0.6432322442610389
0.6384904221722850
0.6432288247080391
0.6399737811024344
0.6467622155582452
0.6461269783558992
0.6316488052655358
0.6548888391123941
0.6310998580100613
0.6547253048111729
0.6409424916888158
0.6298032938631636
0.6495461518770016
0.6442364377049169
0.6383180901942590
0.6431592022055180
0.6472055287461042
0.6538484148059511
0.6468621847758096
0.6359500466071489
0.6471934520390284
0.6379077895461095
0.6557571068388105
0.6494332039131041
0.6571793402470018
0.6506872532778494
0.6397434611315170
0.6470908981807777
0.6525241179143609
0.6456717374166223
0.6396246735955897
0.6487686567809501
0.6424229469716305
0.6513854669372231
0.6447793746823900
0.6459414796737303
0.6463128950583930
0.6366670292540306
0.6417517405145836
0.6490505712667388
0.6416793375824215
0.6500398759064846
0.6431201860435716
0.6450626616547528
0.6424377200140993
0.6467290855867461
0.6464789477933109
0.6460103224303341
0.6485062617164690
0.6568022459498976
0.6451427901448540
0.6518362078635250
0.6440571153663242
0.6448446992231268
0.6435631710683507
0.6477602090172677
0.6485442470314652
0.6422549095615782
0.6415512316184085
0.6350324561821322
0.6416666935896521
0.6462275576999499
0.6382350472022560
0.6409092099074513
0.6527302530039967
0.6484728179866182
0.6370096907213436
0.6389461641538041
0.6512191296331895
0.6477807074811667
0.6415052024711003
0.6471137482774465
0.6478226096246267
0.6491608887245756
0.6383667368120540
0.6473390289807095
0.6537584588752917
0.6439864473749393
0.6376120078980292
0.6513847698772197
0.6482306115577158
0.6408222293528072
0.6493420388392196
0.6439402017615850
0.6440112210715847
0.6461878206544790
0.6495055246763088
0.6513837995321423
0.6486508977843755
0.6500839913625088
0.6483196365360008
0.6412579651451251
0.6417156952937972
0.6431365782032098
0.6562901242154303
0.6475483412999312
0.6526710691964156
0.6368006216334343
0.6409363665364324
0.6416471780619022
0.6562361431351296
0.6522280813388924
0.6401131544594812
0.6493977604510032
0.6449837068516385
0.6458749886207656
0.6427812633660871
0.6445662594847229
0.6442202179427325
0.6487670959014840
0.6490928154862149
0.6409618643388281
0.6441803505042201
0.6406550866806661
0.6375603040842246
0.6425407544082983
0.6427531762441472
0.6472929277283630
0.6432010678203782
0.6606278410151691
0.6600565907009022
0.6527211852911641
0.6569675690552255
0.6481746361029191
0.6450227936984039
0.6526354052831262
0.6432970733899561
0.6521295563746234
0.6466966064817909
0.6362398054658637
0.6450181547186770
0.6511815184127714
0.6477572130172536
0.6452984351344011
0.6374341868970009
0.6466247535492771
0.6525860202811145
0.6531965491896963
0.6478098291940751
0.6409062815748351
0.6533601486306631
0.6439299155681331
0.6437358602027530
0.6476654524387480
0.6458543743708283
0.6521979860503637
0.6386175924737595
0.6416509452360037
0.6379235249006162
0.6502866826504784
0.6473330235811018
0.6529070925893562
0.6485213944291104
0.6380032471748133
0.6402016605186351
0.6484969790068175
0.6452540111640717
0.6427732983199952
0.6478086497113380
0.6403324994120868
0.6425341963114818
0.6478823544441961
0.6443284416768620
0.6511188215307679
0.6403061390721534
0.6446513956058283
0.6397584800358054
0.6480185706020893
0.6472393642775196
0.6467884019799093
0.6427734911110027
0.6416109536176857
0.6407960250384573
0.6427975765887061
0.6433374546559774
0.6433066381542938
0.6419756693676960
0.6487491674963227
0.6447007666345825
0.6445613649860004
0.6413152860827919
0.6431023603957757
0.6438348612902496
0.6456437177136819
0.6446142573216297
0.6481076337873960
0.6452597746171967
0.6431278408296967
0.6477374244004500
0.6414177076661756
0.6518048614204982
0.6418262733382072
0.6399305226828635
0.6516935783292697
0.6437072238823083
0.6307874395131809
0.6485100405188376
0.6337045775425358
0.6399238470364266
0.6397963578965674
0.6490936159184196
0.6388781182980288
0.6492246268557829
0.6538281904839521
0.6475042627273417
0.6432383029017030
0.6396108569926539
0.6466418759896886
0.6483093201800173
0.6496706196931156
0.6395954525826791
0.6398057842514311
0.6509650251480454
0.6513756878001244
0.6474815402363381
0.6379693418205885
0.6502867394124664
0.6414094625889301
0.6416747460210366
0.6512534698268190
0.6433297232553863
0.6462876322871964
0.6441064265536249
0.6524744296965601
0.6336240875553542
0.6543371060691020
0.6500010969621598
0.6451052309907445
0.6449012962177869
0.6377596974028866
0.6488464397382862
0.6494518262003716
0.6445441425450913
0.6429816640027974
0.6492881005003740
0.6536078933965470
0.6424888559481683
0.6386226848050108
0.6378835435044128
0.6467779278323587
0.6424040882783060
0.6431375802297330
0.6504533247897025
0.6425943444850941
0.6486779147735536
0.6416603392251898
0.6452101622795310
0.6420313509514491
0.6388631298014692
0.6391006635115964
0.6474557560195212
0.6515910276284910
0.6456291932346123
0.6550033651121129
0.6490337345062493
0.6465197200897490
0.6419607684014220
0.6503241609380928
0.6492985365480892
0.6524344051302200
0.6390020111482325
0.6468197337582875
0.6431640654863015
0.6453574631843448
0.6415376488004728
0.6473457695163808
0.6521299099569977
0.6447612585779451
0.6407701855514778
0.6410582029449007
0.6363442478177667
0.6578377880003483
0.6361007662757071
0.6452979956904454
0.6433281084067878
0.6411049169806790
0.6376494747710261
0.6463587601637456
0.6443782786379508
0.6505865540336204
0.6451451240107149
0.6457425888730928
0.6375299090008464
0.6496590229181145
0.6407201166027777
0.6487310618677409
0.6465369947586099
0.6400188392164652
0.6374245079675174
0.6423453132036904
0.6554842847363893
0.6515879973367206
0.6536166161514215
0.6453535864574900
0.6458239431602062
0.6482582435870381
0.6396964954868473
0.6543374746112760
0.6421748093223661
0.6464344051846215
0.6389844769482557
0.6343945510617671
0.6407614480816796
0.6437413111489362
0.6411637832225988
0.6392990195986735
0.6404200361000956
0.6423428589116982
0.6405464573021494
0.6492358115455064
0.6431538231588668
0.6402616227841512
0.6490462723907103
0.6419563311775803
0.6476555251321984
0.6373839597785814
0.6413818314838980
0.6428062339484435
0.6479470059153758
0.6457155211444249
0.6435137965539812
0.6434719309208583
0.6495192870223383
0.6542749957093963
0.6497352317759842
0.6503418027291130
0.6467009058031316
0.6444862245197792
0.6404638485562595
0.6429107122923118
0.6550155494657238
0.6495272680164050
0.6413336681901467
0.6434018742964456
0.6400787299845069
0.6293137925649813
0.6346483007143383
0.6404957361211298
0.6461587223034478
0.6451184862467543
0.6451981094316238
0.6470896631070431
0.6421364489459528
0.6467826676187309
0.6426265901733159
0.6435622751095416
0.6471053419806967
0.6428318564352480
0.6487022179452860
0.6484838920780531
0.6418419385166951
0.6478454785712380
0.6482110337917215
0.6530205959044353
0.6499003810693440
0.6415514455324409
0.6479424056224654
0.6444881666996219
0.6443665429183939
0.6452129758841185
0.6428701690441496
0.6423926115437832
0.6364290144312775
0.6419077999173063
0.6487620314905944
0.6387455052401935
0.6502549305071315
0.6342283692091942
0.6477660730363016
0.6462489610753553
0.6437693402927535
0.6517816927607731
0.6491848104084851
0.6509849699770104
0.6450573094322368
0.6501210668038956
0.6430029379229226
0.6399765549043046
0.6447597795950034
0.6539056707027519
0.6452855378623671
0.6531105825380659
0.6458240126034269
0.6450728743830907
0.6426786549076634
0.6378740715178288
0.6493297126517628
0.6480939292308728
0.6510583129346520
0.6583546816898201
0.6482241825601722
0.6464504217937708
0.6436446530017098
0.6381120954068437
0.6503132137529903
0.6387783439449818
0.6459921998556053
0.6521157583266066
0.6512636620337262
0.6567865885869116
0.6492225757506626
0.6491746160705688
0.6380988624364883
0.6472158039776092
0.6536649462508968
0.6458133696605588
0.6476548498511713
0.6416947905049578
0.6383967022013205
0.6475446159373319
0.6549268967806235
0.6553998446933834
0.6513842359188592
0.6401445470001831
0.6408396289166225
0.6424941001670639
0.6416779788887528
0.6444974676521923
0.6518817683820700
0.6435220025524522
0.6456703078942796
0.6509995058396255
0.6442073439818948
0.6491850506079357
0.6406051687152448
0.6449284026353831
0.6403082787932144
0.6440695481917443
0.6487230555123233
0.6412405887827864
0.6382336050954293
0.6500688619152094
0.6350586943734515
0.6462183315202128
0.6438088431255935
0.6442990345718490
0.6534744673121391
0.6519405503867427
0.6468184057427098
0.6525256484204724
0.6440171545629574
0.6404972608058207
0.6504610750382656
0.6489591926952826
0.6386523428810507
0.6455836562430906
0.6371233609433750
0.6496856209955085
0.6490493278459901
0.6419491158945791
0.6392983821245158
0.6491393731723939
0.6417609883123756
0.6448177952496215
0.6497239819437910
0.6435189883720006
0.6427161387601940
0.6496365960180019
0.6345343563507218
0.6459665933801509
0.6386386973984666
0.6330996935139385
0.6502758170361285
0.6482057779987976
0.6474999435365754
0.6467394063565772
0.6501333383298616
0.6480383430612749
0.6442377146009843
0.6562649668742833
0.6421782589171604
0.6483732001923500
0.6444671876608784
0.6388882440556323
0.6416887333076037
0.6484997987249682
0.6531404906710494
0.6489045243525317
0.6476378389068530
0.6350945603244783
0.6448640536184723
0.6407716821554683
0.6471065054008237
0.6464465194527185
0.6470932331663324
0.6473954555662156
0.6514684920158484
0.6465432557510095
