0.5249330323451797
0.5233755087390007
0.5209343765856695
0.5167236118204324
0.5284579844267958
0.5292165096959285
0.5257340341660348
0.5281785670860731
0.5232524038744636
0.5217339393998573
0.5178120769020325
0.5179970665060174
0.5103154627307883
0.5113190953652925
0.5210327338145393
0.5256154620782595
0.5209229422322463
0.5263747424110914
0.5323422260707171
0.5190961241299480
0.5248861907373135
0.5166432357213826
0.5227902494105023
0.5204375609523004
0.5293195382572756
0.5287297600413544
0.5130448598423288
0.5319338170586352
0.5231473242607161
0.5229011159730711
0.5201484332510204
0.5273984410012204
0.5134409836294916
0.5273851258761255
0.5305272712328640
0.5203374828598389
0.5191197577669863
0.5180476233936799
0.5175104613257414
0.5132161380605255
0.5217974024295106
0.5186067754444826
0.5185354438743193
0.5253993549483787
0.5197260834613405
0.5214628674571113
0.5220007468436191
0.5219253258153693
0.5238776492671474
0.5211346246787387
0.5267662469408984
0.5296150160176369
0.5292116077802028
0.5198706592557470
0.5134707707702547
0.5309813455475313
0.5246938029435869
0.5260410603325706
0.5183176250458692
0.5207973769341333
0.5349562125176686
0.5229574024429482
0.5309860567324427
0.5159782552087800
0.5229364598626521
0.5320012929746498
0.5192486324489496
0.5190934125245069
0.5269417944455158
0.5208531894352665
0.5187817572779391
0.5157282212696634
0.5097296748057577
0.5326364224527856
0.5228704109835631
0.5242432198268903
0.5339637198796779
0.5208708127736233
0.5326663472368158
0.5269687084574538
0.5189569969353047
0.5278622215821012
0.5225442341779348
0.5299814205038613
0.5243590013356726
0.5275078269455006
0.5222514020483572
0.5231792498319426
0.5250588476186359
0.5186927788613896
0.5244253503374664
0.5203597913076767
0.5268753244960802
0.5239571303235425
0.5284053095517551
0.5168962947452932
0.5288945512744335
0.5277320122220031
0.5293106064857842
0.5214093523873353
0.5267355183738985
0.5246359867178221
0.5240717289169938
0.5221886277021156
0.5275873595279675
0.5244867664868924
0.5113378565033665
0.5234248235289399
0.5303673276520956
0.5140710998740441
0.5275542866578261
0.5189289244645517
0.5192473291313695
0.5188942121611541
0.5312079807572754
0.5210701401921030
0.5257146874733141
0.5201447879376824
0.5171813315116065
0.5254492875498952
0.5349206257120129
0.5269734708785624
0.5230905830501561
0.5326847051255663
0.5192030729157058
0.5276329499185430
0.5267878009022948
0.5183955954269950
0.5167346702082618
0.5174857220204649
0.5264557687887716
0.5162364424287298
0.5301484252908580
0.5273484169805519
0.5266814151951805
0.5329512425742086
0.5240667261931394
0.5224551624022938
0.5340250938615143
0.5240365479905363
0.5285941891689965
0.5261055568516526
0.5250395948157432
0.5186298136112838
0.5374624038849138
0.5310038199263094
0.5208314124869878
0.5163823067515282
0.5273084437530597
0.5199343279315075
0.5354469302221467
0.5273037295707568
0.5315862459089336
0.5164301334371473
0.5172868262166084
0.5275290745875548
0.5230494292041460
0.5324567093672532
0.5207316486180207
0.5238696292291796
0.5138868282673404
0.5247205987028236
0.5244240991282709
0.5163275799285496
0.5277332847250007
0.5275628696200245
0.5278461635453222
0.5234578980272392
0.5171827713984899
0.5243719905096087
0.5190075041520865
0.5274757186016708
0.5222548072361786
0.5197901873778460
0.5291423591315199
0.5284114172033640
0.5212950320882641
0.5313344555769083
0.5238130587535726
0.5269484075588480
0.5335635165738128
0.5193160659792559
0.5227251730362478
0.5220242928976265
0.5191067610629660
0.5282636647380414
0.5235231829533904
0.5187243585952743
0.5245400430913323
0.5393645650056794
0.5266220066513114
0.5237491017435276
0.5191369970901344
0.5140973528128314
0.5221475490302528
0.5154784060020211
0.5248790663857212
0.5074266978192304
0.5248016483932174
0.5314718184827740
0.5207299564258322
0.5310747071991062
0.5292472424630652
0.5159808205252007
0.5110864245263952
0.5312081361246037
0.5227508568393310
0.5219700938461751
0.5179971176916109
0.5271799089913710
0.5201991927945253
0.5228310487628413
0.5279684194695938
0.5194825752984982
0.5203441831988525
0.5213665891411665
0.5259573268351980
0.5230437828072554
0.5226527820559236
0.5150096141580521
0.5246134229475091
0.5165772967062936
0.5229176164601800
0.5144786340409699
0.5199231559903373
0.5244263990591637
0.5289747868487664
0.5235655826597491
0.5165086249068117
0.5218543531221228
0.5276808593928458
0.5260189254163100
0.5177070980053624
0.5176346191536296
0.5205960330713834
0.5198084722246095
0.5312541772718472
0.5299047117641663
0.5290820422950318
0.5155891401588659
0.5219620620164529
0.5265360468681068
0.5198958061623221
0.5234201455400661
0.5212124594696103
0.5200358291629821
0.5261128859759463
0.5213856658652887
0.5298443966991758
0.5141890835663211
0.5320616426792469
0.5255533400678776
0.5169558018491233
0.5226714326685606
0.5172945746777448
0.5232284250108463
0.5394419479502366
0.5195715898375169
0.5245948750595374
0.5211310377512889
0.5261404007158755
0.5193494597007753
0.5284955398288106
0.5134816981388803
0.5301048759849525
0.5226701317224628
0.5250773090506712
0.5250289183321117
0.5147309771250788
0.5235174874552809
0.5207407950113941
0.5286659402315030
0.5292935164080665
0.5214697508726999
0.5265952533581613
0.5331671198474400
0.5265495377594992
0.5235394379489453
0.5301613821223466
0.5160258821657711
0.5171413556170790
0.5202787650934219
0.5246470101011202
0.5233624449647487
0.5229393483602672
0.5300376655479311
0.5259207047892518
0.5282636134120212
0.5315287729160457
0.5137375084019271
0.5260985209699389
0.5338422207490444
0.5301337142368246
0.5326038236265748
0.5274271113655823
0.5397407065792289
0.5114562904388806
0.5204336300459089
0.5310240610752357
0.5309647282545611
0.5226108033419321
0.5258786750233908
0.5300474165850398
0.5252683992711132
0.5217899538305536
0.5234125743468283
0.5222163709068846
0.5244309465514860
0.5206796556003856
0.5215212290489131
0.5183636026501600
0.5180930497845571
0.5276497281141431
0.5346048494251417
0.5312504888566583
0.5141772226557229
0.5284609678749739
0.5195520331661003
0.5257566964955207
0.5191704335057449
0.5360398190668881
0.5278884944974721
0.5271729549560757
0.5334400409985242
0.5321269516558489
0.5276216717287442
0.5262383264090149
0.5276194529431308
0.5328290537775068
0.5164457835562376
0.5191515168313776
0.5214486927427852
0.5265093849477180
0.5240601881884741
0.5208253632115095
0.5312356625619331
0.5205438977744000
0.5231229084051492
0.5174933097712904
0.5272205860352640
0.5264763030463668
0.5272108320478569
0.5282771239015692
0.5294434322244715
0.5237192950782467
0.5252094441849892
0.5221079486769067
0.5306792971835764
0.5185601309431943
0.5297143944781882
0.5167420805739880
0.5260141314767286
0.5235634458385025
0.5306732592781540
0.5372562070796485
0.5195859170878316
0.5190557258106259
0.5169741657044756
0.5171171831480827
0.5120218434988989
0.5208401491071208
0.5183816216369795
0.5160781160224996
0.5197051952994944
0.5238167840647366
0.5284560317853111
0.5131618514376163
0.5301268229056862
0.5239309625212635
0.5104658314528848
0.5189785138481192
0.5256657605170614
0.5147460002955714
0.5170441003120841
0.5174315026344725
0.5168650533030207
0.5128927927871966
0.5175460569465160
0.5278768727129933
0.5197860978355482
0.5195107164018159
0.5322370292594324
0.5173541629628842
0.5241741626221790
0.5261988849826844
0.5311432389011133
0.5316068603018109
0.5308704583180744
0.5228242247707083
0.5168326784239617
0.5284614104125395
0.5197775047345632
0.5199005016141420
0.5267452473982087
0.5258301983365125
0.5267537173914971
0.5217934098577640
0.5306887096329568
0.5228619402733600
0.5168956150538303
0.5253752596509867
0.5136340434123644
0.5168657471335685
0.5352199803891686
0.5262838474586812
0.5345054591014655
0.5086910800507107
0.5221192395024300
0.5300518581600389
0.5222528361579420
0.5298018603881688
0.5240219543807290
0.5221951971824649
0.5215542862797654
0.5246919573822096
0.5121800812467072
0.5266386588315979
0.5271392802127354
0.5284508140855093
0.5096812402195842
0.5327806869176555
0.5292038982933381
0.5040281612923503
0.5213342060133641
0.5260492367636879
0.5192460834450472
0.5244839133587433
0.5199927472617095
0.5311010840245681
0.5256370985476889
0.5256889205110210
0.5391803534007099
0.5182303527292372
0.5240604868748931
0.5207585812528224
0.5248215575110832
0.5290603978396331
0.5247199481903392
0.5184913334056337
0.5118429433564885
0.5277984184330180
0.5320492910757566
0.5090366665102826
0.5246605739542944
0.5195313435297424
0.5177741870357176
0.5265206111427136
0.5253544636970746
0.5280461795137577
0.5257169756766391
0.5293469306904650
0.5322631388280913
0.5198165883484852
0.5198200549863270
0.5206589555236849
0.5268999073434005
0.5327540499214320
0.5138395889929190
0.5277940723110159
0.5286389945262367
0.5249739667147835
0.5259184791062648
0.5267863679659920
0.5210160684266114
0.5289950509756423
0.5182461724461480
0.5191349611476478
0.5189849287829796
0.5222930674447788
0.5294763905090031
0.5244675971363013
0.5283446584741720
0.5250818573734535
0.5269817460030636
0.5318505416903232
0.5198076300271552
0.5234837236919441
0.5292528463260466
0.5230127697335317
0.5321468831889719
0.5194822984469705
0.5205842758533427
0.5255605491632296
0.5353379133686267
0.5234868006381331
0.5196828276686207
0.5203693401793152
0.5262023299149757
0.5295580197463121
0.5187233992959908
0.5164680096901025
0.5283851484619094
0.5328165777505903
0.5236021260009468
0.5255063892807210
0.5249779494810550
0.5110120876446435
0.5155018839411699
0.5208149357846364
0.5278925013586910
