0.7414585787862058
0.7431611473208029
0.7411599753719652
0.7494702312459828
0.7497602899192140
0.7429193910971830
0.7483907413218499
0.7485836047418344
0.7512197494253393
0.7438442075568142
0.7549942233183876
0.7413961873344430
0.7499789259599644
0.7409520636661086
0.7427171564788925
0.7470681454276743
0.7380424048556901
0.7405781304783201
0.7441200049903941
0.7499268651503241
0.7507644633837555
0.7468972171021664
0.7430876366743199
0.7435043859691801
0.7435995374487726
0.7347935592877196
0.7518468803282782
0.7388787829504354
0.7479753415263521
0.7518878687830506
0.7480252007584820
0.7454712784772175
0.7349900898503289
0.7377371194892072
0.7439656287320430
0.7436244677862932
0.7344921455072243
0.7431311021668831
0.7441358164134867
0.7408979675847140
0.7453528250589940
0.7440899911865789
0.7476888179517995
0.7419375464337016
0.7344420226690790
0.7433539545897303
0.7441141893383441
0.7476450380761978
0.7531772418603493
0.7327869420395066
0.7465881307407372
0.7444222402763361
0.7461712455301166
0.7348192049141506
0.7437655520556516
0.7394426347647421
0.7402053315946632
0.7413641652345494
0.7472075682503221
0.7522116564781457
0.7467010301687791
0.7441664241065920
0.7545415900983026
0.7539352749534445
0.7460458297280987
0.7471123843962193
0.7518497115436830
0.7478274060504947
0.7467835458917639
0.7559931152571558
0.7450840735748521
0.7426439090906233
0.7424955684073259
0.7374622868133719
0.7384631142178502
0.7463501670242575
0.7520049819642263
0.7478946961737279
0.7444955240155369
0.7429352937400137
0.7526668549195324
0.7489547556313055
0.7445840830330933
0.7467862432255874
0.7443051331943803
0.7496700621561998
0.7443805515808225
0.7491873579834200
0.7463540147635165
0.7536646560069484
0.7475113683656333
0.7472956453285273
0.7457790568543891
0.7529965638355505
0.7456648423787221
0.7429020143785935
0.7508877981193632
0.7475976447125759
0.7367049495246493
0.7432000588995588
0.7399686915873716
0.7481130048132043
0.7435224166686742
0.7500504339651972
0.7413385549161629
0.7474542298049535
0.7529281698075799
0.7480018463856358
0.7419505822012122
0.7473570267889504
0.7410373964186381
0.7483504317872097
0.7533068548038930
0.7448428838311461
0.7433198363882398
0.7446367951187435
0.7408191668996089
0.7477915609395689
0.7461441190339776
0.7329381296609785
0.7564817093158126
0.7427904224850385
0.7481781638252684
0.7384776344999493
0.7408631921427686
0.7480658854915153
0.7511336660301772
0.7511188297899303
0.7523872450695269
0.7462467864846835
0.7450674232830123
0.7405849186828841
0.7408514954601699
0.7494698289556605
0.7469972261400898
0.7436322733525382
0.7416185190997590
0.7490920075770688
0.7516936157928292
0.7500743677412316
0.7464366381749815
0.7492278602675733
0.7439281554004299
0.7417925469253490
0.7474123718186417
0.7475396659681838
0.7441018421770557
0.7496046790351424
0.7444443381913576
0.7451441034392065
0.7426823007632367
0.7415957112464050
0.7441851856180426
0.7484207348813640
0.7376690026354251
0.7434325089698476
0.7490244422083916
0.7512311914035618
0.7432504740674861
0.7420194633404075
0.7471917028738623
0.7402786907090039
0.7434389165190499
0.7484784553030668
0.7370165463961004
0.7336964052816202
0.7438621112786838
0.7450493704417018
0.7473988740645776
0.7378510038530636
0.7421596180675528
0.7482813035213923
0.7375800652037338
0.7464237362529369
0.7394748683625100
0.7352083703545053
0.7457173793176889
0.7375357783857307
0.7560974494926194
0.7454599798415490
0.7424655190610451
0.7390871190119070
0.7472419633302876
0.7418525435400739
0.7349556301689932
0.7482214930758777
0.7480833844487059
0.7485656203058584
0.7369349231334532
0.7428715925813776
0.7527192303435121
0.7480829396674072
0.7460849412970872
0.7409201927217050
0.7366289563394728
0.7536826753245991
0.7416121614212258
0.7440761167767436
0.7382027729483877
0.7449742746640824
0.7448515310066672
0.7474695822844170
0.7408563927332412
0.7502954221568963
0.7470490630535330
0.7464074697244985
0.7520616357804422
0.7404363874263977
0.7528059516253003
0.7376605671458663
0.7463676417215502
0.7499403354712968
0.7423482563222416
0.7493484646255296
0.7449109173357089
0.7574036010225157
0.7459385307720884
0.7420700342488196
0.7456358692734293
0.7367963990817370
0.7489191537036517
0.7450817270401181
0.7364154258660317
0.7371698964722990
0.7500180720009085
0.7435867686795576
0.7501091522206211
0.7465625627148076
0.7469046852238321
0.7483164108063597
0.7443031145760508
0.7470527594317417
0.7500687817031984
0.7514140257127824
0.7480874834745730
0.7437659297838252
0.7423295271042819
0.7414807917299201
0.7343700541917644
0.7490238539410258
0.7441624334496599
0.7510481641788339
0.7488764138849555
0.7484861531057653
0.7462418420290212
0.7498487017409228
0.7399817229183595
0.7436474401789049
0.7442276089866732
0.7417446785088544
0.7467761882400861
0.7525391006010367
0.7469325488942898
0.7402298070449205
0.7369962983881466
0.7469623758959835
0.7433968088315925
0.7491729232163471
0.7424436562845484
0.7470018991827527
0.7482853357493368
0.7514752434986515
0.7458242849347566
0.7403273727416202
0.7462699359032667
0.7433570794982350
0.7490630675440169
0.7486199879566184
0.7509062529222867
0.7403713355510538
0.7430185850976125
0.7423948506664613
0.7518422416137385
0.7450023165468695
0.7448415162792276
0.7434930597331469
0.7453926260053934
0.7493749322208183
0.7409870748753344
0.7383290960294581
0.7417212067739198
0.7360547917526334
0.7480603580582224
0.7422793527200466
0.7422079117848004
0.7531217179944475
0.7470479115834079
0.7464340245458473
0.7485229561889647
0.7578156143377676
0.7382308144547689
0.7478648484084890
0.7415150790436146
0.7454596363344260
0.7498736329256560
0.7396943319613261
0.7428832092195208
0.7421768544566312
0.7434318911394098
0.7400178145322405
0.7455413569899925
0.7501590197282154
0.7395775098005675
0.7389493732750921
0.7446700116887777
0.7521509120888603
0.7449580887264603
0.7339413173362505
0.7451560768773485
0.7430751720915985
0.7499087847970630
0.7455782850398929
0.7437955346455241
0.7463438064400202
0.7450815753031276
0.7500291645437008
0.7556850129081988
0.7443051812710042
0.7408976583984399
0.7403141861995951
0.7481099446629101
0.7404774214899296
0.7404126275838053
0.7418586710666452
0.7453241719241790
0.7463054498163491
0.7427062939760949
0.7444291698516258
0.7408639850673491
0.7491696861676659
0.7469057706394686
0.7411330056083478
0.7400542966121363
0.7547111235672075
0.7452744402157674
0.7431154028637972
0.7431678851949007
0.7579287849361916
0.7509470409414942
0.7365270329182922
0.7416140285686066
0.7509922053802496
0.7407789824330523
0.7427571961507611
0.7442665362277116
0.7509130009595256
0.7434860220577707
0.7458055192014998
0.7487262376382604
0.7519686589393282
0.7514551530711262
0.7396788124740357
0.7532952513874387
0.7476040303112593
0.7440766029122602
0.7435773360751760
0.7432971346136386
0.7512567139296895
0.7468908553686715
0.7399008756261571
0.7531792461149861
0.7326155442487993
0.7428648393475552
0.7465244662348489
0.7439689909012852
0.7429167722068339
0.7419061853722977
0.7434649531283154
0.7465739320717552
0.7424999472125818
0.7392277336504833
0.7570985174394699
0.7454563097231665
0.7488796845872636
0.7479591677554953
0.7469830151045251
0.7388340642513870
0.7364723906929881
0.7444143060732076
0.7507871553458129
0.7428841156258974
0.7401841836696207
0.7495575988717150
0.7468626871036214
0.7472107942583300
0.7460696933180526
0.7451898102263897
0.7437027682744420
0.7416282828708917
0.7395145556046251
0.7492010078421426
0.7448602081602088
0.7456447418086903
0.7444455763062803
0.7469015512672635
0.7527993404338111
0.7497043357359962
0.7427802927059826
0.7378150644375917
0.7502053419091117
0.7482419268969212
0.7393255885894512
0.7484751190824886
0.7486005030202034
0.7482850469009211
0.7507893442187120
0.7467610113522198
0.7416037133107999
0.7319701508409711
0.7445060208952232
0.7488519699574508
0.7387401290406814
0.7434356090188888
0.7480345825361133
0.7421167807889073
0.7441198613421954
0.7518598349393885
0.7434538810443252
0.7475758044381829
0.7452330271430772
0.7407752346390488
0.7443758495125172
0.7525650319468723
0.7432894692740192
0.7483565369534617
0.7436842425037510
0.7364864541211250
0.7371997556487656
0.7405867222391428
0.7498054443044193
0.7477202482228682
0.7525319999677369
0.7422910174469892
0.7351127239264855
0.7400118333797016
0.7422509406384500
0.7414201980790779
0.7457877731663904
0.7467414144575465
0.7481276911263076
0.7400359737091250
0.7462361739263174
0.7443705633287990
0.7490128094278270
0.7383397484849832
0.7385127622348666
0.7387124182544792
0.7548306423116375
0.7495332242483146
0.7428972484892499
0.7463154350507184
0.7454986131135684
0.7466150540762185
0.7454068759053506
0.7494046670858167
0.7457591877998837
0.7405672902319780
0.7432065666371580
0.7498192778854140
0.7400830757648267
0.7524064530110643
0.7468564394809796
0.7474086732611984
0.7358754573244951
0.7444884587793701
0.7454768931319082
0.7384029456195799
0.7424482806291243
0.7500906247186924
0.7490929310493242
0.7447524242602537
0.7363670617664008
0.7408689791938313
0.7414566365493429
0.7490969489822611
0.7538025257886561
0.7605853196812197
0.7495502301560110
0.7368148127720779
0.7453283711829148
0.7472998942421546
0.7500358509542541
0.7435591141855723
0.7350832792626288
0.7468953795355889
0.7427362338253896
0.7426390311354569
0.7397815246816363
0.7501663965627795
0.7570428046378385
0.7418488923718832
0.7505658405098042
0.7505657989788166
0.7406632604640521
0.7414586791958575
0.7449086998256639
0.7363002155383320
0.7500691570592998
0.7446744443357495
0.7483269439165749
