0.8271803491223637
0.8242351727192622
0.8258131176172644
0.8257948348931127
0.8253063372123918
0.8256398092805041
0.8339406185781140
0.8282910689104060
0.8322890903362831
0.8291745995425793
0.8211179131199974
0.8346658977729058
0.8214721655499656
0.8427825537603603
0.8244385246197115
0.8276034477748662
0.8337546069938625
0.8314626076010396
0.8275910238137282
0.8308712539701313
0.8304567680729381
0.8239366845545695
0.8315038707425787
0.8286042582389002
0.8261867178654203
0.8272207050449849
0.8266358540825276
0.8274645504120071
0.8336177916590374
0.8353014260068862
0.8258779007625969
0.8359082588421003
0.8356591683163197
0.8300823604641073
0.8267293374806485
0.8232602796069016
0.8309237316537491
0.8301166339449778
0.8249616748284517
0.8334583982239228
0.8197456654978140
0.8230906026895309
0.8303948439612500
0.8246896481950078
0.8307408674180199
0.8263699527860761
0.8339936967647125
0.8275325901610949
0.8308431202206352
0.8338727436942298
0.8297304693816980
0.8270237304821133
0.8276648520003159
0.8283064106861546
0.8237185502292179
0.8262796648617783
0.8247587099407863
0.8364510266154084
0.8310857211077922
0.8294214991123080
0.8273253988008424
0.8291228943668165
0.8243845944842996
0.8326860031051558
0.8263144337111918
0.8325509662050182
0.8246359398393062
0.8306640931836107
0.8299018972619008
0.8349691966488237
0.8349886883117493
0.8273290646855069
0.8383627086083283
0.8233273646526077
0.8300037025389544
0.8278383644391433
0.8308525175890911
0.8354992361082810
0.8280155997803351
0.8312770515153832
0.8303397452893220
0.8343787045208610
0.8317920900932875
0.8309559596501991
0.8316882312267857
0.8280724965953188
0.8306317299668764
0.8242674595394266
0.8351114928146023
0.8317492968848236
0.8308419550263184
0.8315751714654187
0.8274121473043323
0.8321570438824428
0.8350636759113598
0.8270038257389020
0.8281857399475484
0.8286648208422478
0.8238268624180746
0.8262181117777829
0.8310433671765908
0.8301076651972854
0.8276813875247311
0.8354336672890507
0.8240352731342615
0.8253434929692840
0.8211723571083062
0.8310826925768899
0.8257815431803870
0.8212209762900775
0.8266639359863830
0.8297678148587422
0.8323430439754517
0.8265090430396479
0.8225780733266336
0.8297830294587135
0.8348819531308712
0.8360126828360531
0.8332856245916520
0.8182763736582553
0.8280945680312940
0.8206451081904440
0.8323053641208489
0.8280620810918010
0.8193777481341279
0.8252573938269544
0.8315409536833867
0.8306266193281729
0.8214927980977256
0.8294868733974641
0.8305994932770823
0.8272702010240944
0.8286633038667086
0.8357583984127539
0.8291495462445981
0.8272284410181450
0.8271149198523252
0.8284654968268321
0.8294965974766463
0.8295175303346051
0.8308642023651523
0.8394258292250197
0.8319442994098041
0.8292059777085451
0.8310645901134905
0.8323884923950192
0.8295538186951414
0.8368201895691809
0.8264760236384245
0.8253344452367154
0.8365711665096641
0.8287153029008510
0.8323420421729545
0.8374359820418971
0.8385873298945066
0.8345002205911491
0.8331918272671591
0.8311386751189737
0.8232397587201782
0.8316328857481479
0.8299639148517030
0.8260044719558166
0.8314150114090952
0.8246202914794433
0.8277994611662972
0.8325298137422438
0.8300532585402682
0.8257507863461229
0.8302504943620967
0.8354673527695634
0.8327369995921198
0.8299730202150344
0.8305441186969028
0.8277277020861264
0.8249865326336789
0.8260991556144930
0.8342040440219359
0.8271384950493451
0.8323305487712735
0.8274226526055803
0.8316905340084191
0.8276726298051389
0.8341629621723240
0.8303375091877240
0.8283245941347960
0.8381478839529622
0.8345577051026071
0.8294870365609358
0.8305327361608486
0.8231693979327659
0.8320112960304654
0.8329385779152397
0.8230767313468093
0.8338874034305959
0.8293410104516661
0.8326542286522602
0.8275276874113962
0.8347096911477385
0.8308213819101395
0.8224427172391344
0.8276102977153900
0.8309379766812961
0.8293256847003523
0.8238559205090659
0.8296218792580952
0.8255128244735801
0.8216674207458609
0.8247842067421538
0.8372806339439207
0.8283102541458807
0.8273610546052816
0.8279603736807123
0.8340246738810618
0.8251453981004108
0.8324867562825053
0.8319507392671431
0.8358438888501201
0.8298085591176434
0.8306361136199047
0.8285148258469472
0.8325809281314364
0.8365558759175462
0.8264575916637787
0.8337400931026373
0.8285037348720015
0.8285433344682148
0.8294042885034705
0.8236988299977395
0.8293540629672749
0.8288816671885160
0.8328525413196614
0.8274582317549302
0.8297912230494782
0.8271440553830778
0.8255191746754980
0.8330829922375189
0.8290061127643549
0.8311913061413841
0.8345660282156839
0.8301331469941848
0.8338566012915929
0.8196280527581651
0.8241409359044152
0.8335529971185223
0.8235025492814282
0.8286871388948910
0.8262150092732296
0.8321198039925360
0.8370588436917860
0.8227621508794036
0.8305551723931399
0.8320002325826815
0.8334712146743445
0.8296001735834850
0.8319429182764885
0.8243335068737210
0.8263725448442913
0.8342333630913333
0.8186553160764319
0.8226883674133909
0.8267826060226801
0.8281891780021000
0.8344558363559919
0.8358687489803598
0.8235902591286731
0.8312269832991231
0.8258059655085148
0.8318963363944007
0.8255211138015188
0.8419505984331821
0.8284022829291420
0.8339443768505804
0.8287614902661342
0.8277768637172259
0.8309207327327067
0.8281659118798241
0.8245476067258786
0.8299147089549956
0.8358784444451856
0.8353041426455213
0.8319396589296778
0.8310301597249504
0.8310724042979452
0.8235530547691706
0.8279808204626926
0.8320329799955603
0.8234762486582333
0.8322978110325829
0.8250414165014973
0.8252710758299294
0.8300716833478404
0.8291423530817819
0.8269137790388223
0.8343267450922138
0.8286783840230448
0.8334366293601553
0.8263603945302641
0.8272419925701907
0.8361576690121916
0.8297459655277668
0.8158974843030257
0.8348384605636809
0.8299055214569347
0.8256151968873846
0.8218650999310475
0.8293295646220624
0.8200062148466191
0.8315873449440809
0.8392199449603260
0.8262689666148146
0.8293026757771385
0.8316992540705200
0.8153781836792716
0.8328171078900530
0.8255599502896037
0.8324791280845630
0.8323729715307799
0.8321104115428998
0.8331044521325194
0.8258841494121852
0.8344207134630237
0.8280258670989824
0.8309152646889898
0.8362540909570056
0.8231384776546997
0.8300141059944521
0.8296294205202502
0.8262425198376175
0.8300740608091269
0.8349093768863097
0.8248994846698007
0.8245775381555214
0.8269674622608644
0.8336889682340558
0.8248760097390134
0.8313125568302460
0.8329238987945979
0.8301598457605427
0.8268563724893924
0.8344656750874994
0.8334855362500015
0.8325255617204755
0.8297124438491376
0.8217388514296461
0.8348205874259932
0.8320294450379981
0.8310722691440877
0.8278036067723979
0.8201451147159360
0.8337055865057762
0.8261217594213628
0.8272748015891772
0.8258919279827630
0.8286408990289680
0.8332042174317884
0.8282470730647084
0.8350761379910351
0.8332648608514714
0.8288472744950480
0.8341932556872318
0.8362844934516116
0.8303997839716775
0.8375963413010319
0.8238298859590991
0.8232442349168201
0.8357850532830651
0.8287209001748783
0.8210953045131536
0.8320825907025232
0.8330239713818849
0.8272012141590732
0.8314936869293409
0.8279690037954948
0.8226634234296968
0.8239509192387056
0.8288165145966409
0.8237716150010687
0.8326278081785277
0.8322376655056833
0.8337061707534204
0.8387154187464819
0.8327967553170161
0.8314661713175709
0.8360947913098274
0.8298144538946967
0.8312302540633804
0.8369280928550852
0.8262392245381206
0.8222892222194305
0.8321819788083361
0.8293796039839967
0.8382230496652886
0.8262826423310268
0.8315189937268054
0.8265892676973458
0.8341559347223068
0.8239861229990605
0.8302665812080179
0.8314722512843770
0.8249067866368309
0.8354093197917187
0.8267462364490988
0.8361617926869972
0.8282797394635760
0.8363983608572439
0.8304320223489554
0.8343208414071517
0.8303011336222181
0.8335447578682411
0.8311995254018115
0.8302845375431387
0.8299082318970257
0.8206390289662259
0.8377977736785287
0.8320499204213223
0.8177360899078026
0.8333540980181288
0.8268717638499525
0.8290645487168254
0.8403439648649217
0.8238492653946442
0.8394164988965614
0.8319452976661329
0.8257072632660480
0.8283551898620367
0.8332372743245750
0.8266811367808155
0.8227410427788184
0.8331166331480075
0.8309976527527129
0.8280456562957444
0.8308945244816215
0.8286153692077939
0.8343142592573013
0.8239726108420780
0.8243272987557269
0.8268910503034906
0.8210164641770766
0.8255442144651868
0.8293156797148398
0.8218666923146541
0.8290373777294751
0.8282448521519119
0.8241690992683496
0.8301839576656567
0.8313225201307848
0.8316300412318489
0.8298991162196813
0.8232177687905582
0.8332916906058231
0.8319365395113224
0.8158517097786552
0.8363517684360544
0.8257726717544914
0.8229427546579849
0.8221393304002343
0.8267231824995320
0.8296062023498620
0.8311871083838699
0.8315352429080809
0.8291930488950483
0.8271354967334683
0.8312983446872335
0.8334315151597330
0.8317177028952815
0.8324318713824436
0.8292749893265670
0.8373763341668500
0.8270864810452809
0.8343666511726919
0.8286962657730977
0.8246585083787069
0.8224429157923219
0.8268068650347140
0.8282005836680109
0.8264851565157839
0.8262798561504775
0.8341837360240302
0.8269125318724186
0.8292302492663300
0.8291577888988723
0.8339609499692991
0.8328821310447461
0.8319632824067905
0.8319428920233352
0.8311583839608223
0.8358569069214004
0.8343014691873298
0.8260148859578262
0.8239008409291693
0.8279713224659049
0.8280856337877771
0.8310794571341974
0.8273507178014406
0.8284172922431354
0.8196198308385905
0.8368229650578454
0.8274712446178726
0.8383856312042799
0.8312406521604889
