0.0425613341983969
0.0417494364425147
0.0404683202340268
0.0530314174303737
0.0507091558486573
0.0360990999074589
0.0284017851443390
0.0477942882342357
0.0324956676174424
0.0385280734263974
0.0383657981132359
0.0435743231479159
0.0401613219719719
0.0482430282017234
0.0338338270926747
0.0491648806692009
0.0350945476817077
0.0306928539238081
0.0302866769086618
0.0404374599045972
0.0386385772635657
0.0364069238074325
0.0382361547797611
0.0409357307023116
0.0456098955827405
0.0358292636796783
0.0441062895475420
0.0376334739811434
0.0445312170232477
0.0454038172828696
0.0417550305544971
0.0354678472999033
0.0527490363688775
0.0504311501624431
0.0357948178279573
0.0371726303499301
0.0562806935888591
0.0382675366876381
0.0386939994526798
0.0397375166904910
0.0501109810599437
0.0290999828071491
0.0510866767099122
0.0361665959874840
0.0397074323369789
0.0462711907562173
0.0427752092264760
0.0539493495535220
0.0495696149085283
0.0309811186329966
0.0423745758945082
0.0494352488322681
0.0454588293665756
0.0360156427335643
0.0407365336061108
0.0447280046881434
0.0445179833682773
0.0429614544428953
0.0424143671995979
0.0382537121690263
0.0431510549810783
0.0409949051269357
0.0368817134686026
0.0429656173039579
0.0343585944512356
0.0410918660270667
0.0409208908948887
0.0491433224350596
0.0387374567050299
0.0438915182630534
0.0416469467181410
0.0408838065101882
0.0489160673989711
0.0410723045804118
0.0244913953057738
0.0443008837646812
0.0458387311082046
0.0528182828349081
0.0334555773391070
0.0329155412948734
0.0379553388883336
0.0446440605104901
0.0404574096950511
0.0401210745550355
0.0372048115826777
0.0453757193113298
0.0288175110180355
0.0380269158673086
0.0329966622657046
0.0430221453657663
0.0405976930027484
0.0453049416033023
0.0397788098166617
0.0356644907628371
0.0460773778413303
0.0398724245121686
0.0405897307440050
0.0376894805912406
0.0394938703854843
0.0441467586469919
0.0457123379190010
0.0344932326136337
0.0479261357944127
0.0444496717258144
0.0474590912163467
0.0444666556695766
0.0323166356432000
0.0437865340383888
0.0329540784885158
0.0424045053160377
0.0413064349869041
0.0452111165680113
0.0390715139008281
0.0444119263466921
0.0445266566318548
0.0348319132823700
0.0378951421408664
0.0364187599689407
0.0334770539654961
0.0381958856774729
0.0471901112692365
0.0415242861499545
0.0267121827756082
0.0431955430312315
0.0474130428536860
0.0401000828466214
0.0413738484727426
0.0413334528917984
0.0387096884884628
0.0487406545438955
0.0395812187982336
0.0416884952642390
0.0472639065423113
0.0354387007515892
0.0468927877146897
0.0282967855012029
0.0452759564871417
0.0296935062054330
0.0386847651090792
0.0269229713751808
0.0446719897133305
0.0498925772969970
0.0333469068286907
0.0296619661022813
0.0496707898479398
0.0401860491757374
0.0426889959124363
0.0349620130643792
0.0270473826687050
0.0482957951786856
0.0531681680294773
0.0509281107594640
0.0384422483713660
0.0431649106684259
0.0432393022783892
0.0497811660504764
0.0294693216963335
0.0337717071847435
0.0351822541522093
0.0458801465980954
0.0339351246021317
0.0423817497760119
0.0495510938384766
0.0415857701655578
0.0276530937239567
0.0377153770040092
0.0411265873475430
0.0459373187803386
0.0312047746924633
0.0460832279832993
0.0463139108604672
0.0246004164260041
0.0412809017695801
0.0343323314675820
0.0385317999980987
0.0390262924019020
0.0506033873805639
0.0338251394137310
0.0454278395941200
0.0346263108381215
0.0446556071642602
0.0454845285385125
0.0429299358847211
0.0308492788863106
0.0400476622478679
0.0406630398904336
0.0461862890512912
0.0398522357721105
0.0365286980216609
0.0422408729380489
0.0503064915782584
0.0251422295891479
0.0458391972690704
0.0427990493492311
0.0276463466513412
0.0438095029883344
0.0464416971634758
0.0207957404097690
0.0377871403805140
0.0386321044790836
0.0511580596431324
0.0317103237346204
0.0399145385258275
0.0398815230795731
0.0364080593061066
0.0378794135082178
0.0449622064864505
0.0369430107149080
0.0440571212624968
0.0501620400426231
0.0363592440077844
0.0398041951740960
0.0458154255385044
0.0471560127107637
0.0484186883931794
0.0396194373424854
0.0407632398218030
0.0365462303390599
0.0481154848831844
0.0451377602542938
0.0489694777044486
0.0437934780735961
0.0376958643132912
0.0337392496193527
0.0488861700889651
0.0367431961740297
0.0460332871184920
0.0470907206146368
0.0396513358722159
0.0450032214246990
0.0372581682862292
0.0512015401250394
0.0412807288570740
0.0457539854747647
0.0549224398152648
0.0484218077744337
0.0499467446412036
0.0455902382866010
0.0381992242147928
0.0351868783354088
0.0400046314852364
0.0285885221363782
0.0390916462313049
0.0422222283254604
0.0439949761420269
0.0299901503672699
0.0467598256927050
0.0222790544602313
0.0435367663107061
0.0406756011959357
0.0308327921720662
0.0470899906989004
0.0479072759926359
0.0456435005585322
0.0447984108296749
0.0356384027261289
0.0419728114180280
0.0406307787444869
0.0299355429711265
0.0345504910236540
0.0389210747885296
0.0422586045132345
0.0335298570625737
0.0502070926092775
0.0339030682621005
0.0383838953331424
0.0358290941177096
0.0472234707681335
0.0460918151550295
0.0355799850721992
0.0524194631547707
0.0386440555676188
0.0328255115534836
0.0425332579042108
0.0480616093887957
0.0442343653321465
0.0480438726853235
0.0550747413989117
0.0299160622898731
0.0381437568709346
0.0428558472854922
0.0492003776938059
0.0409501146785328
0.0391350277405655
0.0313577362913617
0.0273480379071570
0.0476150366020952
0.0437986481070835
0.0421355026307167
0.0398962817584563
0.0248713925503005
0.0323875759438726
0.0452923976329087
0.0309436272551448
0.0319984215177497
0.0348567929162730
0.0372519430306292
0.0400000668101963
0.0399302389468773
0.0354694615292620
0.0251549654874554
0.0384220312961945
0.0268767421219980
0.0367187955092581
0.0472494458189129
0.0430986112767963
0.0492346793499145
0.0266033606063759
0.0414310998370653
0.0415959174797973
0.0442249279073151
0.0400806186079600
0.0293348459831960
0.0426394149194119
0.0455729468813362
0.0386143951622518
0.0494413583972410
0.0401032589081902
0.0409422131834968
0.0516396045888665
0.0344369501679000
0.0419471955366398
0.0394654294560837
0.0524688847307305
0.0436882972286051
0.0513168639807324
0.0309314677499277
0.0411409820455014
0.0466116459586459
0.0326195046358599
0.0402455506590900
0.0508233377977199
0.0532600620745784
0.0300742360513252
0.0534507700182624
0.0514494778150868
0.0360366211035525
0.0396444712271630
0.0527541956717608
0.0330637697512900
0.0403530469692255
0.0383539024180494
0.0483172361810436
0.0380650673325369
0.0361366487796979
0.0425557161074067
0.0302065711311400
0.0366957417405229
0.0475214804013596
0.0338832808431966
0.0391508263608585
0.0521348776929995
0.0461684922519100
0.0483410329113388
0.0397648205153630
0.0415725953161204
0.0333791011227010
0.0364508841962132
0.0375045141081468
0.0416624333091541
0.0421500984979588
0.0304173797487021
0.0387512131534880
0.0366915543988625
0.0428710614055908
0.0321278240116886
0.0362921124402128
0.0256385082102467
0.0333944725298672
0.0388340716478585
0.0397833363861748
0.0365334965360431
0.0459484831864293
0.0391104720297670
0.0337970000358285
0.0381824388425519
0.0501608500388803
0.0399971558204102
0.0480694396836950
0.0442608314776098
0.0478058532234248
0.0331364787639518
0.0245988676985407
0.0325274572329440
0.0392488792098780
0.0350043700740600
0.0384329611741485
0.0442007935748905
0.0436430938056677
0.0467435490372729
0.0525784896961774
0.0275465150983700
0.0480797915343019
0.0342910505124388
0.0387655952870467
0.0342167678904114
0.0407313549677321
0.0571009273523169
0.0484817315501001
0.0424116456459898
0.0465919141085789
0.0283313951216314
0.0437507087187354
0.0316487157347940
0.0385665104685748
0.0356783872147612
0.0448283955584064
0.0546876365342212
0.0381360402431393
0.0304355045652823
0.0418570417133309
0.0366101258556453
0.0414353414607664
0.0387823319880220
0.0462377419340090
0.0458945049211440
0.0380289794596730
0.0452015765488575
0.0318397921953996
0.0349138514017486
0.0362558013690857
0.0469140240853210
0.0501614233733335
0.0400352056804956
0.0411340183233002
0.0352887029870146
0.0406580693359712
0.0479528839019805
0.0437303579170015
0.0423009082735762
0.0262504872691575
0.0440864536941108
0.0449895683982076
0.0415598769384356
0.0426244709230546
0.0351705607993123
0.0416403973728522
0.0412112190371632
0.0282553884368671
0.0429282544522068
0.0456078667267690
0.0508910998482362
0.0291284335665523
0.0424124459218626
0.0477185773077433
0.0479115805057523
0.0414083622327728
0.0465551237281299
0.0353702229100308
0.0446447436081348
0.0452332905769808
0.0407981434278999
0.0280654416293328
0.0407552196825937
0.0390883707098897
0.0365184528655849
0.0416949615826004
0.0475275556741841
0.0296012053767216
0.0443974896624577
0.0433445473972501
0.0266743829335452
0.0317394686172083
0.0452830917702734
0.0409883272672023
0.0450660837652543
0.0293607608458627
0.0387115873498214
0.0595258212932922
0.0413700328559265
0.0350481906708610
0.0288918670601458
0.0492769990875413
0.0433394787816926
0.0520634574746815
0.0377932559902363
0.0330729436735069
0.0457262650701706
0.0370347547711503
0.0421510293233552
0.0267751425657414
0.0467951872658209
0.0471536121787269
0.0361720522760576
0.0347505816655292
0.0332126267894938
0.0385966296885962
0.0349646431729290
0.0429603951706802
0.0406161357942549
0.0344446917079108
0.0425799057472518
0.0410432616353638
0.0466412266879085
0.0309483138067508
0.0425098266873447
0.0423586201566736
0.0445118286584947
0.0400650871962931
0.0413571241991666
