-0.0409602531352249
-0.0472035679934108
-0.0490113198162656
-0.0463086722911105
-0.0446778744271936
-0.0414790071448135
-0.0586155674826750
-0.0427680912947875
-0.0364623383640682
-0.0327479253667708
-0.0344615016038165
-0.0528678438921281
-0.0520796714745004
-0.0451869463192207
-0.0540599480280347
-0.0398063001465701
-0.0468084416653532
-0.0304300636684496
-0.0458508876495082
-0.0491760767912944
-0.0492468681246743
-0.0331458287394132
-0.0346683247249803
-0.0434803683548148
-0.0335605534412806
-0.0423890498531989
-0.0423707479813440
-0.0338823461227591
-0.0327954779819871
-0.0323702557372916
-0.0384619166518143
-0.0488196763737790
-0.0430203380660129
-0.0306087742673231
-0.0274279046333486
-0.0588406583108285
-0.0280446704608252
-0.0490782273669334
-0.0365889020948757
-0.0358212497391991
-0.0473919053299220
-0.0481081545259228
-0.0407310882276588
-0.0403202184018765
-0.0319455841555148
-0.0447121586098649
-0.0265217500005139
-0.0308488559580693
-0.0541525691663380
-0.0551081909550430
-0.0508511525046837
-0.0442881476834921
-0.0412996728538110
-0.0287869609303605
-0.0322021660767338
-0.0488514850987455
-0.0388332261319967
-0.0218346723415128
-0.0308375299795979
-0.0420318828571090
-0.0318730379544292
-0.0432166267840172
-0.0290452775705267
-0.0514629970578831
-0.0368672300813326
-0.0353353425307492
-0.0306143688477296
-0.0480971345336520
-0.0478247970283151
-0.0449473564212249
-0.0384400183782241
-0.0397320514800319
-0.0417189384836674
-0.0293635619271077
-0.0326743565420692
-0.0351877190581758
-0.0400702148158162
-0.0489053921233190
-0.0354286181075814
-0.0452061465070257
-0.0411803441720136
-0.0403016520260287
-0.0451355760790253
-0.0500659007003804
-0.0408283325029379
-0.0326459579022185
-0.0301242564017205
-0.0317752051467584
-0.0508423506831278
-0.0314498562541747
-0.0329361018200284
-0.0337826796309746
-0.0343174925732370
-0.0347336884646096
-0.0396704366355142
-0.0411226655661795
-0.0263960122423850
-0.0391860994953612
-0.0354097678647284
-0.0462604447755249
-0.0395672866477086
-0.0369818655890751
-0.0405357991918284
-0.0501406207849175
-0.0509159787361119
-0.0505597173224747
-0.0379298141132603
-0.0242193167901995
-0.0447475068682325
-0.0370846631369401
-0.0401854293948564
-0.0381757436224902
-0.0285166247741698
-0.0325301715653943
-0.0337734388540626
-0.0461588213441067
-0.0326879207803142
-0.0422108755603749
-0.0383646845549204
-0.0458913200866159
-0.0239889319357995
-0.0358389961876764
-0.0319556703282365
-0.0338839578251154
-0.0465938181120902
-0.0425663199866881
-0.0413923932811612
-0.0404509663153784
-0.0462815950483327
-0.0501316762940307
-0.0458016070976687
-0.0362383209307683
-0.0327280136647697
-0.0362076978160846
-0.0290088286586142
-0.0346275736025862
-0.0438426693965462
-0.0313170376084243
-0.0457018549401632
-0.0412575637042235
-0.0398800318618759
-0.0491425598921732
-0.0449041762252009
-0.0323026785116640
-0.0445907886873463
-0.0511066193479602
-0.0496281285763398
-0.0463841460715261
-0.0545505484841966
-0.0445484590396181
-0.0408298933368743
-0.0419664207173568
-0.0414070051986839
-0.0378177618454362
-0.0349996551621272
-0.0473920662871350
-0.0375115369798003
-0.0289406793343327
-0.0434664036485262
-0.0416427147338869
-0.0493346414927046
-0.0340540952859472
-0.0288508275231706
-0.0359669854092199
-0.0544440842003781
-0.0385596034830206
-0.0393492528681968
-0.0455991751552278
-0.0343987370360719
-0.0378075666482092
-0.0443426797132321
-0.0311280668012267
-0.0341771753505560
-0.0335173852157159
-0.0444353145589468
-0.0424427112521065
-0.0503890399777309
-0.0367474086641503
-0.0371623730354018
-0.0479861292352347
-0.0429054647608162
-0.0346791090157446
-0.0409744151839523
-0.0452073798000022
-0.0362566937397082
-0.0468308333145154
-0.0275586219620348
-0.0318619427910082
-0.0278762211170461
-0.0403883363739478
-0.0422905598374314
-0.0377227081054568
-0.0431158695191820
-0.0535894836605693
-0.0445347475213317
-0.0302462395767606
-0.0288494035364293
-0.0344377963992467
-0.0398144263177004
-0.0394923016042697
-0.0312085063471684
-0.0386347048259216
-0.0386948228606700
-0.0260294548144148
-0.0355487385237601
-0.0424966587248953
-0.0549270054971734
-0.0565585396964546
-0.0442301530796593
-0.0408430844101492
-0.0317975509154946
-0.0425122787229697
-0.0370250137688182
-0.0498809916090433
-0.0441941625938564
-0.0267938056798892
-0.0522437814177879
-0.0294476455860817
-0.0313518895852544
-0.0420683610426574
-0.0436358912741437
-0.0447370598900213
-0.0420888165146330
-0.0364337806802797
-0.0472121387439498
-0.0504895156493518
-0.0534539452026609
-0.0354692230916642
-0.0377183159628832
-0.0355702071804038
-0.0470453620094273
-0.0482894516749765
-0.0309424604284660
-0.0344699721114267
-0.0410941289093356
-0.0385072942991339
-0.0329296568453607
-0.0535446566321314
-0.0372747181793088
-0.0414465811538112
-0.0464050449307540
-0.0475416918240841
-0.0398160647204743
-0.0487648347898908
-0.0285834678327170
-0.0517129606986640
-0.0307486943660245
-0.0445291228666064
-0.0402862742152326
-0.0372572328048442
-0.0404397824089674
-0.0343332622521090
-0.0496704240997230
-0.0385366837113288
-0.0405183021250233
-0.0414680304497910
-0.0391170273990367
-0.0452526128625564
-0.0373349208683183
-0.0437363800718112
-0.0352177345505485
-0.0458946355043879
-0.0287137665666735
-0.0333180918736804
-0.0408413733966896
-0.0558619222118150
-0.0478300584353909
-0.0434859704582505
-0.0404396473158508
-0.0477172388329824
-0.0461959781341861
-0.0370709158670625
-0.0418848142824405
-0.0529021059752139
-0.0361671797408567
-0.0372158723927405
-0.0319546068917013
-0.0508184631025726
-0.0512450878711365
-0.0525802972525756
-0.0457556174908776
-0.0469737431932855
-0.0318499485625632
-0.0419737376608042
-0.0501027556592686
-0.0489637003905000
-0.0264771099892171
-0.0427935460388583
-0.0421986403504016
-0.0394660136462108
-0.0395849205041002
-0.0498651131545843
-0.0538322872823130
-0.0402420293227018
-0.0289653306660605
-0.0376308325841744
-0.0323535926304941
-0.0403518671410383
-0.0478658167644616
-0.0411111861326564
-0.0496984241253515
-0.0344080917002986
-0.0432784926142182
-0.0337331565156386
-0.0367477269584490
-0.0484584222916236
-0.0403381684019336
-0.0401871661133021
-0.0399951904407723
-0.0436267546649990
-0.0402434821707319
-0.0350285888308308
-0.0436357029060747
-0.0408330018963363
-0.0452655596598365
-0.0446833792613829
-0.0281110619005405
-0.0401589638400888
-0.0504536092537193
-0.0313168770534683
-0.0497987574819247
-0.0438360241742586
-0.0468593557494163
-0.0475654655959324
-0.0311255096209365
-0.0392686205985526
-0.0281162911950827
-0.0436619697430986
-0.0302648625683647
-0.0498068225043409
-0.0414872756226037
-0.0329103735775546
-0.0484097686321239
-0.0478287268518061
-0.0348777667759050
-0.0305201747360939
-0.0404631222045361
-0.0352150386848298
-0.0449298221960649
-0.0353411978467965
-0.0350228662467399
-0.0268149174052883
-0.0422051763533032
-0.0297746865302050
-0.0497342068060912
-0.0420679139956123
-0.0320381692816152
-0.0574514979631155
-0.0564360752977434
-0.0316634734806838
-0.0342925249287660
-0.0527961979526632
-0.0407868215048701
-0.0469108368630607
-0.0436178365784484
-0.0377814104631462
-0.0322783587668686
-0.0321058571618645
-0.0466751360957205
-0.0466648997177684
-0.0446295726703197
-0.0429822311288953
-0.0438917145736684
-0.0412911414768357
-0.0354297955347664
-0.0325458123290657
-0.0266372969294442
-0.0394217327035971
-0.0521326658131864
-0.0431511690788671
-0.0333940138032346
-0.0427326597443701
-0.0351077432041604
-0.0537739484612361
-0.0538724099851464
-0.0573793719657207
-0.0521424062369171
-0.0309448944530115
-0.0445802282746932
-0.0500844255189749
-0.0308924238236617
-0.0476490562312343
-0.0351757419550083
-0.0389705628930651
-0.0336615485629752
-0.0429747592403710
-0.0310891001148210
-0.0403699401814092
-0.0363351784108385
-0.0437303975305705
-0.0430831051826312
-0.0469502850594532
-0.0354011548888423
-0.0502299291914415
-0.0410149087869153
-0.0469365278045132
-0.0414032531242100
-0.0365886550764623
-0.0472193796384688
-0.0370163802333799
-0.0435407567054143
-0.0539732864626484
-0.0428681454858414
-0.0379052354046802
-0.0297432073336485
-0.0421426561940317
-0.0372754900004980
-0.0321531022772777
-0.0537933717807460
-0.0377147311614458
-0.0367831573869527
-0.0483369284227949
-0.0479095129964770
-0.0395336714356845
-0.0393773084055790
-0.0345503090565694
-0.0508751158462372
-0.0512066574744268
-0.0341099615682939
-0.0480044147697917
-0.0256045256137629
-0.0427293030492342
-0.0445281864727550
-0.0477156010794720
-0.0345222524955805
-0.0578849480725848
-0.0350271461469257
-0.0403403045068095
-0.0432649607196204
-0.0387936991042355
-0.0392142518534186
-0.0413061054800765
-0.0299691270014018
-0.0355946907890916
-0.0340572213581485
-0.0464158291836867
-0.0448905528439247
-0.0313860025950767
-0.0357546428414394
-0.0460117342852263
-0.0411996454662848
-0.0462547758133996
-0.0444864853607078
-0.0371966096743091
-0.0478007652868387
-0.0403712529086527
-0.0402381929706280
-0.0463695694540646
-0.0477236878149409
-0.0361523256907950
-0.0309564241853033
-0.0455653472235543
-0.0384805301676771
-0.0494286341654617
-0.0532510378919413
-0.0307070415422334
-0.0243771661607640
-0.0296229729939147
-0.0343831295220547
-0.0465377164961990
-0.0469751025574224
-0.0477803684291063
-0.0396307112809843
-0.0347156261384675
-0.0311565532335286
-0.0442871401075150
-0.0374614786621627
-0.0452849060791248
-0.0438527044378166
-0.0357164552081707
-0.0531765813405777
-0.0526741398915240
-0.0334654103588083
-0.0364103441964323
-0.0355932431856515
-0.0380684080433353
-0.0423560487555164
-0.0348605445878249
-0.0416311518592907
-0.0487731468945236
-0.0434868100923244
-0.0426158317806783
-0.0384978379098106
-0.0459626986124424
-0.0268874734251502
-0.0441101782285892
-0.0367345386966224
-0.0365666659608903
-0.0367977290511565
-0.0496103263046881
-0.0473771232121305
-0.0332262283541399
-0.0484748986606811
-0.0531017542269780
-0.0426424800463295
-0.0444426733654976
-0.0265284806020593
-0.0344400605709084
-0.0385990038397896
-0.0362174612132595
