-0.6480765657599913
-0.6392791902532909
-0.6385880646149193
-0.6418778165208986
-0.6463015445320698
-0.6493745482675023
-0.6503752269421849
-0.6404702938336811
-0.6376004907016538
-0.6353190468115900
-0.6481887378419142
-0.6471577299995535
-0.6523448977427657
-0.6439763150056853
-0.6352192189034660
-0.6550393250588058
-0.6516841318473884
-0.6473812117983123
-0.6475248629488211
-0.6501181413376255
-0.6423448846933512
-0.6397401886120706
-0.6433272093252923
-0.6417186277048932
-0.6458075327738786
-0.6523994881254210
-0.6291630934833971
-0.6382422108675320
-0.6324899389684360
-0.6449163401962674
-0.6462936602473399
-0.6430258480418497
-0.6442073077938480
-0.6545368261466930
-0.6538829364003645
-0.6404077436208130
-0.6400312178565057
-0.6434362319205444
-0.6448785307956183
-0.6440863560751634
-0.6483473793308532
-0.6404843932084160
-0.6480293180457496
-0.6528841429940221
-0.6442754825448822
-0.6491329780743370
-0.6380178657955614
-0.6462374192225379
-0.6372542515533204
-0.6425372853374262
-0.6467424181027136
-0.6397266255064713
-0.6487324665388404
-0.6433651722507389
-0.6490691883016289
-0.6461484786781360
-0.6358065355262693
-0.6343723015111804
-0.6515547599839311
-0.6430632409488591
-0.6409569778908809
-0.6408720976663985
-0.6524130392505091
-0.6530747703726412
-0.6478053817040175
-0.6527506982791550
-0.6493692185612905
-0.6525467479651292
-0.6493368776209795
-0.6452092436537665
-0.6537648152659354
-0.6481951203798116
-0.6487107964802187
-0.6392174740995510
-0.6385961479851280
-0.6444715419828404
-0.6512102910514697
-0.6394703381553908
-0.6438174640337803
-0.6594560651129818
-0.6505796876410971
-0.6440703245473670
-0.6423672429654550
-0.6504657091234457
-0.6453508954558547
-0.6467033075076829
-0.6552388656946961
-0.6437154086490279
-0.6440306177872216
-0.6409801026178070
-0.6417279004460475
-0.6467809901880248
-0.6456430391571941
-0.6362905060925175
-0.6407739341894414
-0.6442716211292164
-0.6412038906055506
-0.6552244463111409
-0.6466198565393821
-0.6311230678438265
-0.6450650578866047
-0.6395808055015504
-0.6513083066133430
-0.6469196077505419
-0.6386233267856257
-0.6415028546317673
-0.6493305081071339
-0.6462679445322980
-0.6446918868442582
-0.6443103701860791
-0.6461708202807924
-0.6383359649305497
-0.6471176610688331
-0.6425969368997091
-0.6482257080012276
-0.6452866018979582
-0.6600014446333465
-0.6469506024977801
-0.6407929881429902
-0.6451188249406717
-0.6476790141353960
-0.6429957898238065
-0.6458921767586517
-0.6529738340009394
-0.6442996763246925
-0.6407398360272453
-0.6482301796661550
-0.6425899835506346
-0.6487955361646579
-0.6504170277715522
-0.6472277484551526
-0.6370429971527963
-0.6496073869568194
-0.6505199739699498
-0.6520270249846091
-0.6416435711432957
-0.6498434630200183
-0.6435919183522850
-0.6398949600017692
-0.6429110337356406
-0.6436356912831166
-0.6499305688591878
-0.6442355343190528
-0.6496463980303655
-0.6599110696959236
-0.6394087565826935
-0.6414209551014015
-0.6546202072806528
-0.6485869048796128
-0.6406698474073030
-0.6421570211409532
-0.6433148435261531
-0.6498878661931208
-0.6533091467455885
-0.6396255972423532
-0.6407274323159876
-0.6554799677483839
-0.6467833787905385
-0.6537774282064125
-0.6380134463296820
-0.6503239865759196
-0.6489997436375038
-0.6486051103694404
-0.6454809820183335
-0.6457088975772919
-0.6467177004578023
-0.6415701020547413
-0.6355268620768879
-0.6445150645949936
-0.6362475242392361
-0.6555904204371344
-0.6442345072812433
-0.6451281644520646
-0.6458549110113474
-0.6485801384850384
-0.6437882618531720
-0.6467395784051322
-0.6462757189381750
-0.6426259573791719
-0.6489052522244294
-0.6488678303467708
-0.6544735699484290
-0.6351733407835262
-0.6515952082436430
-0.6459281727971914
-0.6409975574475000
-0.6462823752711989
-0.6467788940893606
-0.6560068135519366
-0.6546773253467362
-0.6468254128047144
-0.6465157123586078
-0.6429567006461188
-0.6407175594639447
-0.6477825004781863
-0.6491086994012878
-0.6390134805347285
-0.6487759066595054
-0.6493854989793764
-0.6471984483533726
-0.6402866561540922
-0.6406615990217547
-0.6418446646190558
-0.6513317458540165
-0.6464429006513120
-0.6506917290571115
-0.6411909079463227
-0.6493787036848969
-0.6449900538581290
-0.6441678113329624
-0.6500206801980694
-0.6456220606440485
-0.6536145738696530
-0.6389285760665060
-0.6443722308802207
-0.6469951354984539
-0.6391125706481510
-0.6422707744103955
-0.6444324289328982
-0.6451882252837967
-0.6430605052491497
-0.6506559337398655
-0.6399523847328976
-0.6385320872114012
-0.6488181345862771
-0.6527293512377007
-0.6481699668651848
-0.6393869700782382
-0.6432818078802858
-0.6447554629203013
-0.6466180849597416
-0.6513443628643567
-0.6465180781418384
-0.6450354439281731
-0.6498213969103537
-0.6463030190756115
-0.6421612041515051
-0.6405898658265423
-0.6440838123717662
-0.6400185548623705
-0.6500083850411009
-0.6445532073869119
-0.6449061812984027
-0.6474954601776429
-0.6432752861529438
-0.6396705139176215
-0.6402631370874349
-0.6448888606401217
-0.6535220541874917
-0.6367061751558780
-0.6352556700307458
-0.6495504432229608
-0.6446416117833883
-0.6470696380310730
-0.6433896433193115
-0.6338514054106851
-0.6424898942138652
-0.6537663526598189
-0.6383948265304424
-0.6460556984469040
-0.6476114776925199
-0.6308260089761296
-0.6455499371767610
-0.6465888588531005
-0.6490329805176900
-0.6468856182425622
-0.6435100295016174
-0.6482661104554047
-0.6406492421451003
-0.6420472974676071
-0.6402638715855645
-0.6577135456237659
-0.6364837455572763
-0.6475969668416004
-0.6457858805135630
-0.6508100787982554
-0.6442458981738444
-0.6333600515239004
-0.6443109175703146
-0.6428308539420398
-0.6426719047418061
-0.6459716994758048
-0.6375577729675552
-0.6466478855985592
-0.6468809647744834
-0.6433598541908849
-0.6569139654791054
-0.6445090365641025
-0.6444373441666580
-0.6488729752376158
-0.6407257904954424
-0.6446788179989225
-0.6531664754357741
-0.6394791835280633
-0.6395806622653505
-0.6480173608857838
-0.6552668558759931
-0.6450364608848501
-0.6459216852660599
-0.6508515574598032
-0.6447392818244779
-0.6518749043721225
-0.6426169112235035
-0.6563380392127068
-0.6420538055456519
-0.6498454171016783
-0.6301044832992204
-0.6467415634221126
-0.6355524755357860
-0.6454562829549768
-0.6456598140770818
-0.6438400575146296
-0.6456249360683168
-0.6476099729893209
-0.6505746898143439
-0.6423957086550300
-0.6441792748964267
-0.6459850768540110
-0.6499979292276410
-0.6503550049306991
-0.6363389767328054
-0.6425821615522327
-0.6412344083310342
-0.6477904440252155
-0.6433499468366098
-0.6442861591961909
-0.6431045604028887
-0.6596431821321885
-0.6485396102134117
-0.6459395751372555
-0.6373849176116093
-0.6493208329296986
-0.6518192928059588
-0.6509435689351878
-0.6425137312352186
-0.6520753283659905
-0.6527207339003942
-0.6418311568391983
-0.6419907544694148
-0.6513695085165743
-0.6478287092497329
-0.6532523810907747
-0.6425352909571682
-0.6424142128134485
-0.6497817601865383
-0.6458489880685638
-0.6453887327787085
-0.6405118083941372
-0.6361660005422545
-0.6410606011093407
-0.6533539786996639
-0.6444109256133600
-0.6459279017933035
-0.6407179232269283
-0.6505212766062600
-0.6427033783472575
-0.6515433371641687
-0.6486618337159504
-0.6402965129189480
-0.6389524122147376
-0.6439003368169860
-0.6450994134254773
-0.6447087379534499
-0.6485576960366146
-0.6495821799580594
-0.6481658632285883
-0.6441543178601349
-0.6438388746811333
-0.6415501824180968
-0.6441961867242104
-0.6454955921797166
-0.6549465035688145
-0.6394608013464288
-0.6498940622212183
-0.6467109958189549
-0.6516585279116839
-0.6403080656431819
-0.6529829849564903
-0.6388165241753671
-0.6491665304923792
-0.6368495258730728
-0.6508721287651121
-0.6447894707594265
-0.6594524740397865
-0.6356578497741425
-0.6459658814866874
-0.6452494688818574
-0.6396264627269166
-0.6555667197894536
-0.6422232788891045
-0.6381201339560328
-0.6464361082443120
-0.6492450308748269
-0.6420892030820138
-0.6439968500089027
-0.6271770429888909
-0.6481729098784041
-0.6443177188832822
-0.6345139786873536
-0.6400254097685456
-0.6430369267254563
-0.6436803977529588
-0.6514565304655143
-0.6480812242793679
-0.6419242721977191
-0.6416965444641982
-0.6515268319604145
-0.6430649574774118
-0.6474890833313190
-0.6414883082080801
-0.6480992854759802
-0.6419110102191454
-0.6445484710373607
-0.6460822143150966
-0.6377314424242970
-0.6447225743789390
-0.6417712624726770
-0.6419610017594828
-0.6472872291951187
-0.6467113759096529
-0.6403441423557847
-0.6429529243329052
-0.6352764312475827
-0.6359537514198415
-0.6433062403045410
-0.6445365835258544
-0.6361374128744618
-0.6514907133712090
-0.6428160916343134
-0.6447944630970573
-0.6354242005722718
-0.6417620607389007
-0.6404010837873381
-0.6449270588227591
-0.6357766151681863
-0.6522184122120198
-0.6480233277244531
-0.6501851978875448
-0.6483488109386417
-0.6467576168140682
-0.6467340409385044
-0.6452136541030845
-0.6493468198197092
-0.6548442024857789
-0.6438079574648491
-0.6377014871883359
-0.6477336499907141
-0.6482485992268280
-0.6443203165225070
-0.6471312036066128
-0.6500360337833498
-0.6503743079799715
-0.6438089021133644
-0.6494873971284394
-0.6539290440403001
-0.6466444712021534
-0.6476769151750721
-0.6469312929328358
-0.6399711341612856
-0.6407897950986868
-0.6554287724906696
-0.6401771004213483
-0.6440363265754986
-0.6440312979668499
-0.6424685990364332
-0.6453263118527570
-0.6460894349180690
-0.6419933333034010
-0.6504105076077579
-0.6430926748405328
-0.6486776502418974
-0.6512645962483781
-0.6361790227743025
-0.6407759230385790
-0.6431361191035966
-0.6526758618020381
-0.6487426804428954
-0.6468952891146933
-0.6566028928548190
-0.6507399307495551
-0.6374069353290385
-0.6411374541415426
-0.6482578610954137
-0.6510018888322496
-0.6441757024679197
-0.6544348045161354
-0.6415764659876603
-0.6546288454598586
-0.6472601900904184
-0.6413357599290842
-0.6449582966120154
-0.6499217188456183
-0.6400929729595838
-0.6392932770362100
-0.6523930647098669
-0.6458200803920092
-0.6312089680419494
-0.6382614087693032
-0.6472063952470543
-0.6480382702086335
