-0.9599875066686350
-0.9640338260538717
-0.9675276409783649
-0.9614973916247075
-0.9669161262556396
-0.9603991194368033
-0.9668384716763991
-0.9667599375237255
-0.9628228436416405
-0.9629747252589789
-0.9602092044619343
-0.9704187922328664
-0.9605344689274857
-0.9624876555071172
-0.9521696857476473
-0.9653141147808689
-0.9580276498033368
-0.9598504532576749
-0.9629241845582784
-0.9559473747952232
-0.9568323636452741
-0.9650771001529358
-0.9635619743619668
-0.9565640646848971
-0.9644361272290346
-0.9666282853950714
-0.9635962033457218
-0.9584437487013812
-0.9641039483351093
-0.9618756785439446
-0.9692298481010253
-0.9585362349628260
-0.9654266196164442
-0.9601892202845100
-0.9605305611696410
-0.9629907091539494
-0.9633699471699115
-0.9597329938000010
-0.9640193936809766
-0.9634237539480927
-0.9611338388936354
-0.9634328309159546
-0.9646083912594399
-0.9648831884042141
-0.9585455646352919
-0.9615140456037311
-0.9577006076653822
-0.9623126705200417
-0.9650888017440022
-0.9638319581518208
-0.9677947509231267
-0.9614510165734884
-0.9664652059573001
-0.9596163875615054
-0.9641028121331361
-0.9651597304042981
-0.9701498787284096
-0.9600863042330545
-0.9650792953768682
-0.9692395570850330
-0.9591578247307222
-0.9523933471102235
-0.9665802784999931
-0.9655503752217136
-0.9596536347420528
-0.9692748175627698
-0.9636477754396690
-0.9690290485019013
-0.9557527969701576
-0.9594098689978190
-0.9684003381858393
-0.9636797612697194
-0.9613311494495498
-0.9674186421082617
-0.9623340319425867
-0.9619301241311289
-0.9570709668170372
-0.9657486782168369
-0.9619407183806278
-0.9613035644390485
-0.9633367902642618
-0.9643703488447616
-0.9648611610362590
-0.9630845125057041
-0.9622739291373714
-0.9609434783125779
-0.9556150780162073
-0.9627654115756175
-0.9611227335461116
-0.9545118109288486
-0.9599109375900053
-0.9591716546701565
-0.9586372465831535
-0.9603188615554455
-0.9583625558844474
-0.9675142711078341
-0.9547205893130281
-0.9562771610361647
-0.9581236902225264
-0.9689365814337225
-0.9658788084560330
-0.9570437491182786
-0.9633011488034593
-0.9690580309749660
-0.9669674283890739
-0.9637222117383437
-0.9600462339964272
-0.9662988491397885
-0.9633262605116923
-0.9689411236860130
-0.9660073685145170
-0.9590639287750583
-0.9616331623630772
-0.9692159117886177
-0.9599118826369252
-0.9626033537371517
-0.9627986899075026
-0.9572659398643573
-0.9651419315874854
-0.9575050782518482
-0.9703278030305740
-0.9632605987568907
-0.9737836144464501
-0.9623712083995285
-0.9675161648612884
-0.9678501462852855
-0.9694572393145366
-0.9589559403581190
-0.9651134648775723
-0.9614652465487078
-0.9620029796181365
-0.9608846336796527
-0.9650362663477119
-0.9661640009044489
-0.9673926419812844
-0.9646737393434670
-0.9634987591702313
-0.9635267034947769
-0.9613307247261699
-0.9637843375269294
-0.9675748308103257
-0.9588078241071998
-0.9643690296049641
-0.9663423811355354
-0.9608588303970488
-0.9622559144290660
-0.9660296661474796
-0.9617309001452650
-0.9596591981304713
-0.9611295324957959
-0.9651510782038332
-0.9595477236021061
-0.9664109886327160
-0.9638445592149524
-0.9639105688938095
-0.9628478182924295
-0.9570542972046602
-0.9600449665996761
-0.9616408319421330
-0.9619087780936501
-0.9590432378867247
-0.9662545344751452
-0.9580325228760692
-0.9636683653595883
-0.9611481032856548
-0.9596541773727183
-0.9672041212653856
-0.9627693993508579
-0.9587278987083275
-0.9631646696749371
-0.9647948103204310
-0.9619121459780587
-0.9696039747990185
-0.9707078456264989
-0.9620001047339641
-0.9649411764865996
-0.9626051350409772
-0.9585587337379941
-0.9530175433795288
-0.9649900298512001
-0.9597110463428407
-0.9615198726203659
-0.9575344538789113
-0.9609189585886854
-0.9626721434212828
-0.9673381734244525
-0.9590890714958982
-0.9669087270541369
-0.9615842351705854
-0.9661708858183151
-0.9629909583411075
-0.9617449055504492
-0.9686491055106825
-0.9681905604614051
-0.9684235758921209
-0.9652034783923314
-0.9650262384735933
-0.9650747224927938
-0.9592432318072344
-0.9629690807678181
-0.9680483028438066
-0.9673803386068881
-0.9568966398550514
-0.9586830263954453
-0.9630474060159032
-0.9644123355173392
-0.9595055622677976
-0.9557882300853030
-0.9605656374183704
-0.9594282502901880
-0.9653513576161432
-0.9654559264994999
-0.9673681258412424
-0.9702057200492494
-0.9592511511006319
-0.9626193091594522
-0.9581625676980416
-0.9656194824853132
-0.9657326019982263
-0.9632655149308229
-0.9584309280895689
-0.9635529053591166
-0.9663512876821636
-0.9623512998415481
-0.9639595286705920
-0.9682744663951748
-0.9613981335726114
-0.9600298038540557
-0.9671116056022500
-0.9673167012911240
-0.9607454752554797
-0.9603073977005766
-0.9661099366265150
-0.9683810678716295
-0.9683963031972695
-0.9634705284439284
-0.9604513708877320
-0.9606757486679904
-0.9698956194877287
-0.9675907364909497
-0.9607628272382438
-0.9637562949945994
-0.9681873498463618
-0.9640968961681425
-0.9605589613840666
-0.9614751844471356
-0.9628841163032913
-0.9669959336221751
-0.9620710837932656
-0.9648804611441780
-0.9679664106944080
-0.9621117442061198
-0.9665852192085136
-0.9542561353982844
-0.9684410256001281
-0.9615739122010692
-0.9623442848702428
-0.9616357770492915
-0.9600714495344744
-0.9651621422071363
-0.9616532787703050
-0.9615789605924202
-0.9635989497764283
-0.9622845395850783
-0.9577119103314594
-0.9647564819589722
-0.9629316728099222
-0.9637077494800900
-0.9591032417800660
-0.9579932783016109
-0.9612811943799172
-0.9663440209309102
-0.9631133406501073
-0.9637815839666118
-0.9604576585010164
-0.9691034911960749
-0.9582570779652262
-0.9741152781462400
-0.9655869312513523
-0.9663604046834657
-0.9568516489950505
-0.9642345465327476
-0.9666318732320390
-0.9658743984724214
-0.9596071196962658
-0.9645506353879316
-0.9590877441728493
-0.9684980079692794
-0.9636673530897988
-0.9669843658569618
-0.9682809398970691
-0.9664382061113319
-0.9569964150017264
-0.9605051662124456
-0.9655726129180862
-0.9625241804218974
-0.9602517657168923
-0.9599538434948087
-0.9682879224801059
-0.9566183507435990
-0.9576219202172587
-0.9617393699281713
-0.9598836752848994
-0.9679252502857613
-0.9684727198159192
-0.9679580106878449
-0.9582326761645615
-0.9648060202622613
-0.9660876129774647
-0.9610498343686311
-0.9588371186795633
-0.9595821586851755
-0.9644847337897104
-0.9562735123523987
-0.9570898745873296
-0.9559021916715249
-0.9638534444692123
-0.9594487452349173
-0.9651760743397290
-0.9655171397586169
-0.9678680426595683
-0.9603526669103090
-0.9701361502053395
-0.9657240930614978
-0.9633631288751725
-0.9584906693892544
-0.9660974577712216
-0.9651037987298323
-0.9654405601906523
-0.9664166809420236
-0.9546898106846915
-0.9593196343617707
-0.9617505677486500
-0.9657297746705562
-0.9685410608396788
-0.9696007763220024
-0.9635490944272902
-0.9595039437897669
-0.9556445411365265
-0.9652271564435267
-0.9747254223915162
-0.9589248562322580
-0.9632503175351608
-0.9557741757717001
-0.9662444356411517
-0.9647722720359222
-0.9585909043075500
-0.9610385406472263
-0.9591585640496256
-0.9621577694828449
-0.9592381345495506
-0.9628141155018357
-0.9598771364896401
-0.9627718699228519
-0.9676768015324889
-0.9647489335725882
-0.9658109575601255
-0.9622943080458123
-0.9591667116934934
-0.9594483469891386
-0.9629128848689563
-0.9626489074989762
-0.9553228115392781
-0.9605383801178983
-0.9621563418273497
-0.9656831525644071
-0.9632805925895969
-0.9616746828991688
-0.9543991674600727
-0.9662828644791566
-0.9579405138761321
-0.9589678893633143
-0.9646314572089708
-0.9588500779404863
-0.9677327857499679
-0.9625196859353644
-0.9632554857072931
-0.9697002567001461
-0.9654235608449211
-0.9551400537899286
-0.9615976978365526
-0.9588890472857309
-0.9591146245699204
-0.9591077187913312
-0.9619511648148313
-0.9658796132830091
-0.9677877270643473
-0.9677344511867478
-0.9644818484622535
-0.9747308894699945
-0.9648258155649931
-0.9609294926525301
-0.9592800240022360
-0.9631524894587492
-0.9649575760333472
-0.9595594040904479
-0.9576742865393379
-0.9664723455146924
-0.9626088331272825
-0.9695186687576186
-0.9591397804709804
-0.9597954686447634
-0.9615643288681817
-0.9705951149493901
-0.9641045075305739
-0.9619107610316773
-0.9613534311064580
-0.9579170381536433
-0.9629616932169801
-0.9688129775542690
-0.9674330852651453
-0.9595068163024059
-0.9607497131039948
-0.9669729721051136
-0.9631547293065986
-0.9593101832460185
-0.9638500766092142
-0.9638968317274388
-0.9626215098913139
-0.9637237192576532
-0.9607915762940413
-0.9638369952978298
-0.9589983901044851
-0.9655414555074977
-0.9627949522909665
-0.9705302913742254
-0.9697843551401453
-0.9644736779519879
-0.9608721989634214
-0.9628174837919428
-0.9732195397341856
-0.9645553559412384
-0.9651268805536419
-0.9670790055357759
-0.9610070559001033
-0.9521191341015748
-0.9647480303339028
-0.9552664285663094
-0.9606064050947538
-0.9633521925658272
-0.9679319016924586
-0.9675291625539896
-0.9686782498434138
-0.9633263493496433
-0.9633793606523672
-0.9632807325677095
-0.9580942368163202
-0.9652328049738840
-0.9672095838873743
-0.9604583702129866
-0.9648737521418387
-0.9551966544058526
-0.9646039555851416
-0.9648442577189705
-0.9588737711619431
-0.9621772124308264
-0.9618847864563941
-0.9616873861747186
-0.9643713352503790
-0.9538804542824130
-0.9633775331806458
-0.9593310682143986
-0.9594931858620702
-0.9704318493458299
-0.9661887516258281
-0.9533891726969511
-0.9611616672418278
-0.9620434651493095
-0.9664260179088042
-0.9611488240483205
-0.9665834183061324
-0.9573616985112240
-0.9669564863936728
-0.9654928517579425
-0.9601836300619255
-0.9713159433295681
-0.9628349908027566
-0.9626387371836931
-0.9578950317459423
-0.9640205808242926
-0.9627901932118560
-0.9651746143515648
-0.9645609930206743
-0.9605079109723994
-0.9660113434485857
-0.9693231988054364
-0.9625345837240952
-0.9599301353700997
-0.9672795008592968
-0.9619626021188870
-0.9618142838538251
-0.9641843647144928
-0.9661461283104937
-0.9610531849014294
-0.9648731955283247
-0.9646876156443416
-0.9578131007886731
-0.9703715594196418
-0.9581694324124060
-0.9624322728139986
