0.0058809581693570
-0.0129070165271784
0.0088937576151169
0.0017125450954867
-0.0039079941850661
-0.0107827293307550
0.0038264995636062
-0.0068829895907440
0.0065029319666204
-0.0037846246657279
-0.0023582177285219
-0.0091280793027762
0.0019462405378936
-0.0017954034189104
0.0024505848899696
0.0047092572881735
-0.0057852866354143
0.0000386528993500
-0.0032300654456297
-0.0075813287123426
-0.0129272758734415
0.0026652230541158
0.0015702118079111
0.0112985582807082
0.0018332257928763
0.0012617342284051
-0.0072810126370701
-0.0064899536725677
0.0175811177524413
-0.0041118945285159
0.0025711482558184
0.0099110875577764
0.0041744340625944
-0.0058950441024878
-0.0001839543084283
-0.0058331939799750
0.0036760348190978
0.0027148906105022
-0.0017846339614091
0.0010272038390875
0.0098886964728082
-0.0048726242074021
0.0007079749842188
-0.0003929887244764
-0.0042835667847425
-0.0045065173993931
-0.0068821630183805
0.0009314650955533
0.0033847890891126
0.0093304646174465
-0.0008641460921307
-0.0091370896245543
-0.0035310527317281
0.0019795561692064
-0.0108717285123617
-0.0164121267210380
0.0023005314986958
0.0112273497225906
-0.0043802134359520
-0.0107714834186113
-0.0080551354818727
-0.0015282835230108
0.0047720545780500
-0.0068306960250135
0.0035977411042589
0.0026362942968066
0.0027247217305310
0.0162801704326808
0.0026840250697589
-0.0016657167447944
-0.0079448684805352
0.0026204412612433
0.0007209515448962
0.0024133555685235
0.0028093581818017
0.0047964432741079
-0.0070988133224440
-0.0127820002849054
-0.0020786527306238
-0.0094851061117454
0.0016196592961290
0.0073764974379571
-0.0000901553009885
-0.0073225561190253
-0.0029047679650739
0.0017863380792903
-0.0011476929374745
-0.0073781510892337
0.0027846592873693
-0.0012246986710945
0.0066598426364971
0.0046170401070045
0.0069694613325442
0.0012920498201708
-0.0068680172826391
0.0017430295371376
0.0154430896888882
0.0149417552389785
0.0008494268693478
0.0014612538406022
-0.0147905406384597
0.0090354646797221
0.0079464472239391
0.0062242587114686
0.0258043768304157
-0.0026857281442226
-0.0037737652463081
0.0020120746106174
-0.0047732505398932
0.0032719911373714
0.0059727357696527
0.0015496115951962
0.0000780328701974
-0.0080305123940517
-0.0013694693656291
0.0122123931395785
0.0084361023211714
0.0064752218305044
-0.0071111540614825
-0.0004806169109583
0.0072053917011441
-0.0061506217040659
-0.0055795074475860
0.0116036134648302
0.0054607977744907
-0.0009774936500161
-0.0013154338588954
-0.0079200498213094
0.0046807568281653
0.0064697039098255
-0.0117386295617193
-0.0044422445660939
0.0079639873975559
0.0056179778294433
-0.0139649675892181
0.0007296286913099
0.0084623969191180
-0.0031069108040369
0.0031573421882261
-0.0002631814804772
-0.0043266413254265
0.0041741815614426
-0.0085153517138697
0.0121472472627054
0.0155571036965945
-0.0045175971749679
0.0057792591747862
-0.0117838129066968
0.0023050781665155
0.0045338158006373
-0.0055369322204154
-0.0026226670279207
-0.0070688420591411
0.0063625078047595
0.0032842214169831
-0.0050555999008392
0.0108573974452325
-0.0007829293978106
0.0102311870788236
0.0073629046435561
-0.0012707755034201
0.0112934725297338
-0.0087901916054253
-0.0067414370624777
0.0000510110618209
-0.0074096884095998
0.0022094656194300
-0.0052161668592022
-0.0080319349474958
0.0169245843364242
-0.0064375037372437
-0.0073243459146072
-0.0023392917065297
0.0092944746130435
0.0049303967692270
-0.0018289067451510
-0.0018427041150213
-0.0142602367379372
-0.0007083405779965
0.0068944113378310
-0.0069600512859613
-0.0061166939827435
-0.0007752357025889
-0.0053225689598139
-0.0048282532674108
0.0012675413928383
-0.0073238139503712
-0.0087764741198758
-0.0117313288542381
0.0008471547163434
-0.0011789005305858
-0.0056816685039384
0.0093972661286000
-0.0032812592914491
-0.0132529660287396
-0.0058364409647237
-0.0037352486712052
0.0042634138901551
0.0110278526416980
-0.0026820282549196
-0.0089124375398892
0.0036387703387533
-0.0153269046193334
0.0043336522153464
-0.0028489501859740
-0.0145976192273684
0.0035950994406647
-0.0021915391085797
0.0033220713424203
0.0020720366246450
-0.0108708638556449
-0.0010226667823379
0.0079671555032995
0.0077572516249805
-0.0013093771910910
0.0022668386109929
0.0062514623829458
0.0054825536082230
0.0074782369277250
-0.0008773867780358
0.0052571183502901
0.0182917881606171
0.0031048101242211
0.0093720868379066
0.0092527514696210
0.0027428464560230
0.0044724659657112
0.0059561061484045
-0.0042404987043420
0.0054105917186721
0.0024777981073292
-0.0128385788642167
-0.0006353845230244
-0.0066143654958177
-0.0116179003387864
0.0044580661027842
0.0063619617720540
-0.0070418013070326
0.0077177302825660
-0.0163641796788980
-0.0118939149139357
0.0022947946767927
-0.0012479914103816
0.0058026769651079
-0.0075710352636802
-0.0000711188219935
0.0126920118259118
-0.0056679981441314
-0.0048714678251519
0.0040198380926054
-0.0038935640566815
-0.0014746500665732
0.0020244800966737
0.0104258686436794
-0.0108118245478798
-0.0150134268881496
0.0038933519072019
-0.0024421907306818
-0.0021999517125533
0.0136384844582200
-0.0097702865724732
0.0044917596352741
0.0000305639922292
0.0020820315350926
0.0036704349931268
-0.0044380874955224
0.0022066046137304
-0.0049265799809679
0.0064169904624647
-0.0050271587075658
0.0204190635189598
0.0065441667114758
-0.0015454220875167
-0.0025665258586205
-0.0063512830403615
-0.0004987430527637
-0.0087900857459887
-0.0068750798094952
0.0072125235837556
-0.0136129738021915
-0.0049498424400073
0.0014287767529491
0.0012180417368203
0.0042053525682286
0.0055166263964326
-0.0095234703880695
-0.0043915872226728
-0.0021287620825629
0.0026675757543137
0.0021709944727822
0.0043579327138250
0.0056328714128903
0.0039044189183707
-0.0081355850074664
-0.0041506094779871
0.0055866640091728
-0.0057592205141936
0.0034702990895338
0.0037068464992535
0.0057897381163263
-0.0050301096594011
-0.0073130355611998
-0.0025918264296638
-0.0046623585406521
-0.0132588193655590
-0.0167647415693134
-0.0007078728261497
-0.0056118823692546
0.0079613336855454
0.0027097797037003
0.0006475277709896
-0.0171843680518821
-0.0017551001379028
-0.0037555710627522
-0.0043713502427893
0.0063536866874104
-0.0099566713636979
0.0102025685738305
-0.0033301151256935
0.0078075003442734
-0.0123417846567720
-0.0172085931245190
-0.0048965548479415
0.0047848164868255
0.0045195898753390
0.0046965120603251
-0.0015429403813200
-0.0017193758329599
0.0091463246846750
-0.0076122980083619
0.0039009105656906
-0.0042016826587924
0.0037370387509374
-0.0059000027833898
0.0013856481230435
0.0091831767258424
0.0016799403403952
-0.0042638045255190
0.0030928343705042
0.0056296005223459
-0.0031711435397298
-0.0028333142946696
-0.0096622966039298
-0.0009143502323679
0.0029701480324968
0.0090217628266888
0.0041491368675893
0.0123383426865712
-0.0055864531086982
-0.0001474690798624
0.0059628762341352
-0.0113973027376656
0.0043276076046384
-0.0065201328361021
-0.0005894315254865
-0.0068762314730800
-0.0040437340695915
0.0056821940100606
-0.0080376388895776
-0.0019971858325385
0.0001541268738643
0.0025702403482231
0.0070424964369415
0.0101493376402291
-0.0085101536242048
-0.0119003598631405
0.0043739459476349
-0.0120165418796435
-0.0032938008189397
-0.0063854635769814
0.0055596699822280
0.0030617465295769
-0.0026733295116982
-0.0067427563117679
-0.0119539914819606
0.0058394395831897
-0.0007205753455961
-0.0016003918415887
0.0019254188093397
-0.0053586037164182
0.0116578529244489
0.0121088924406329
-0.0040319238338234
0.0066742267482371
-0.0052225463778620
0.0058137051038450
-0.0010572036551287
0.0038188617257230
-0.0070064992363250
0.0019869380683333
0.0047983750582754
-0.0034609704626757
0.0002382811106549
-0.0069911445992518
-0.0012042193373576
0.0007339099847911
-0.0039690783449212
0.0088543632097227
-0.0047368321904245
0.0157939528453595
0.0080574869391324
-0.0047147702440445
-0.0052469926597431
0.0133370652163050
0.0004752902033025
-0.0059357240567626
-0.0044568800324845
-0.0002563647074602
-0.0033781253262786
-0.0028643028426772
-0.0012072504952003
0.0072538734324571
-0.0067821303903186
0.0059907553073564
0.0004300835248641
0.0072872323550118
0.0064903372483559
0.0031497222250137
-0.0044798075751836
-0.0035983566156563
-0.0029600487723127
-0.0057583117752969
0.0109437471721969
0.0046100947585081
-0.0108664206383353
-0.0061679255776739
0.0053285356398459
-0.0057261792335318
0.0099195781805559
0.0052463708609111
0.0111513165857950
0.0026192544002084
0.0025187916293055
-0.0016563579515000
0.0046132280911765
-0.0004294334925975
0.0097770697355563
0.0063721739972402
-0.0097003015256965
0.0227023689144089
0.0053593598162394
0.0029790498464194
0.0005467469921101
0.0121102999585526
-0.0094923099211063
-0.0076121798194943
-0.0027935300903267
0.0080374037904757
0.0012990734080048
-0.0024156421217530
0.0000864995541532
0.0023399211216440
0.0069564910156865
0.0028312538540381
-0.0017472145929724
0.0011749360737825
0.0073654586203514
-0.0176443937630563
0.0015538946155917
0.0093623246205331
-0.0038195045481656
0.0010398615573019
-0.0045753937441556
-0.0002927449738425
0.0050308597453190
0.0046019919734594
0.0000732739028790
-0.0013634985970956
-0.0073104228514868
0.0029604546865649
0.0053670394548446
0.0092398007450580
-0.0060388082036727
-0.0048558959690087
0.0034927577570351
-0.0073318255438608
-0.0065276905905601
0.0025154481176754
-0.0017478505895867
0.0092878940865083
-0.0014573092403066
0.0047554950386382
0.0050763148379391
-0.0006693863791655
-0.0019035451637355
-0.0040912302658179
-0.0060276198590601
-0.0014051506132608
-0.0050611101847245
-0.0151631849249270
0.0040251162176271
0.0029566860350931
0.0008568872491293
0.0086407241697079
0.0012864912990674
-0.0011331629013043
0.0107111443375519
-0.0022075688181230
0.0035191092436025
0.0016698104908106
