-0.2028844501063252
-0.2014775977708906
-0.2019626932309238
-0.2002542212423651
-0.1993543452182072
-0.2018928598978595
-0.1989668720885925
-0.1994277493545950
-0.1960790640787392
-0.1965648254634764
-0.1971003903108101
-0.2043528314418636
-0.2025095716687415
-0.1955559802323776
-0.2021795522056816
-0.1962070282745450
-0.1965178813953360
-0.2005708328152210
-0.1963204798053168
-0.1952828856219979
-0.1942870619921958
-0.1972761643961720
-0.1946329516336395
-0.1997775310317020
-0.1990624810709857
-0.2012675962199844
-0.1997245124846426
-0.1958145156752772
-0.1998141915681193
-0.2030066436954461
-0.1971595550683072
-0.2027761138537276
-0.1987827897399198
-0.2012555495116337
-0.1932922509396975
-0.1992292918481123
-0.1973595837258513
-0.1982251712449014
-0.1979790631814808
-0.1968736220451232
-0.1997903421090823
-0.2049841877254171
-0.1959520374147838
-0.1964603410106764
-0.1984334657383756
-0.1964233033979945
-0.1983761236165748
-0.1953685763004516
-0.1976862466640258
-0.2019229317327990
-0.2002860484536619
-0.2014913508503920
-0.2006678151237044
-0.1974603526150816
-0.2019014484848427
-0.1933167907632024
-0.1972138244387721
-0.1988850673615785
-0.1976278117762185
-0.2007794221431723
-0.1967934733602391
-0.1942879013835829
-0.1967435065104637
-0.1980478560597328
-0.1999364603400781
-0.2015199324452968
-0.2005873814701499
-0.1982527075879247
-0.2010742847523147
-0.2026695314396139
-0.2025822924656368
-0.1972294894152862
-0.1992580745243138
-0.1993732140746260
-0.2002936621622275
-0.2014408788293438
-0.1972901514258682
-0.2007338103272499
-0.1990218282278483
-0.1978811069732439
-0.1924750991144664
-0.1990624695619467
-0.1971639422100476
-0.1983875536794066
-0.2004980434114911
-0.2001920989405177
-0.2021446327160461
-0.2002787409272735
-0.1981701428218492
-0.1969840918688773
-0.2015137300067844
-0.1957107350827003
-0.2004389165553666
-0.1970149685801148
-0.2016532089274241
-0.1949623700713164
-0.2008482213559049
-0.1976517001365048
-0.2010670668203507
-0.1952737910099414
-0.2039031753380502
-0.1942820638761983
-0.2013412505918545
-0.2014603242817801
-0.1983621472419893
-0.1972686676972932
-0.1977952433991360
-0.2004922622359945
-0.1948571008399750
-0.1996104558834606
-0.1958253550765195
-0.1981441809936647
-0.2032336173762781
-0.2008446502314345
-0.1965147579628789
-0.2014181496553876
-0.1978914115132513
-0.1977078174441845
-0.1999005922897603
-0.2012281220640611
-0.1972355230741707
-0.1998314614767647
-0.1972478440253691
-0.1984586158232537
-0.1973987496105954
-0.1965202284394126
-0.1960041239799352
-0.1984802668300462
-0.1990441261303615
-0.1958585902100929
-0.1969798424842757
-0.1966384660037903
-0.2028168931385186
-0.2006612204640549
-0.1994906340878624
-0.1942359695811690
-0.1954168077997794
-0.2011133509190314
-0.2001068920460103
-0.1976345564144538
-0.2015095647133956
-0.1995705920385832
-0.2009650303226377
-0.1990554579563149
-0.1970661508858846
-0.1970862697352595
-0.1982486475738673
-0.2012156685812969
-0.2010601595084925
-0.1956619907404244
-0.2033197789854972
-0.1960983136169336
-0.1987191568208382
-0.2000908552196764
-0.2003989968189734
-0.2042775376942617
-0.1959379989962556
-0.1977372984652039
-0.1964566732637127
-0.1986576795391749
-0.1966815815712354
-0.1957299759589004
-0.1975562776789366
-0.1980127691589287
-0.1951672613922519
-0.2005072371741128
-0.1994419692733546
-0.1980762690121020
-0.1982813937101651
-0.1994639001799788
-0.1967018994572714
-0.1967812305560004
-0.2001462979084185
-0.1958522441195428
-0.2017170588161084
-0.2002444455569553
-0.1975304419812833
-0.1995359396741950
-0.2044648780981742
-0.1949605016772458
-0.1974782682669234
-0.1998147787739609
-0.1964802506675955
-0.2018672241219187
-0.2020725242106434
-0.1984624910977291
-0.1970489545365960
-0.1968529999272705
-0.1924988604782621
-0.1924855367762494
-0.1990418958878617
-0.1983891031865589
-0.1995420906432062
-0.2043436961549848
-0.1954224773543222
-0.1974707867938934
-0.2010997745438885
-0.2006391286633298
-0.2003899344436254
-0.1989834054946506
-0.2019959386170977
-0.1975788690792170
-0.1960762854344594
-0.2009645462536633
-0.2015949842789873
-0.1987031305611338
-0.1958620095504351
-0.1932319537907855
-0.1998586578472583
-0.1957418147232201
-0.1994162246039036
-0.1930261948759996
-0.1994015644551589
-0.1975071649814243
-0.1994901042989699
-0.1936124300277255
-0.1940418372802496
-0.1964495826264773
-0.1992963520984389
-0.2020856058694930
-0.1984485989218338
-0.2007055779231933
-0.2019657561255405
-0.1962066869272190
-0.2015662015733618
-0.1992459542038014
-0.1960652743729964
-0.1998636713515567
-0.2011048030456518
-0.1999684610020028
-0.1977919206332884
-0.1968451078576326
-0.1997711581648165
-0.2017327002695064
-0.2001498985935441
-0.2011848550285072
-0.1953418350442554
-0.2012309350290210
-0.2011691562313729
-0.1919960474587102
-0.1983398205751182
-0.2009983605560455
-0.1960142040968239
-0.2000091293696568
-0.2017658370326280
-0.2020301922909873
-0.1998675192800649
-0.1990759792304676
-0.2003565399160905
-0.1944885898960442
-0.1942091761426420
-0.1970198681005318
-0.1997836869210193
-0.2000095232291918
-0.2013618152922290
-0.2019665187289826
-0.1999764271144507
-0.1933952097369822
-0.2001647388947390
-0.2014890666634937
-0.2008419447478301
-0.1979897689078154
-0.1961220119857505
-0.1972306573003146
-0.1919205294590963
-0.1982501477646063
-0.1961419572740277
-0.1958845405443102
-0.1976404492216141
-0.1970199966678739
-0.2032424473641109
-0.1994608858100421
-0.2006651116687166
-0.1998818890350124
-0.2022055401522619
-0.2007902198822392
-0.1983751481591813
-0.1959770294709069
-0.1972943316867355
-0.2049813774435864
-0.1957827591456629
-0.2013293121638197
-0.1943966077401039
-0.1975000228931868
-0.1994708960767337
-0.2017307068841189
-0.1995342858102136
-0.1991736575401805
-0.1970724294776517
-0.1960373809178924
-0.1965984906757016
-0.2003687856795821
-0.1993971233545444
-0.2020261196553576
-0.1981789013381934
-0.2023909996252544
-0.2014025141950213
-0.2024117332262338
-0.1994431170981404
-0.1972910988550397
-0.1995153260989383
-0.2017101543577056
-0.1991346020221490
-0.1966136943935856
-0.2005811059973351
-0.1986743821721569
-0.1965943084009973
-0.1985726273208026
-0.1976584357334967
-0.2007136123992478
-0.1961070106750089
-0.1989629268912000
-0.2011538690304240
-0.1931991015297086
-0.2007946460592786
-0.1970979132052607
-0.1989257893821656
-0.2012409345360478
-0.1976505496034352
-0.2007318400284069
-0.1989436163223987
-0.2029921400089402
-0.2016160786979407
-0.1991196741653922
-0.1936936585272311
-0.2018658110907693
-0.1987317088395978
-0.1971478090254017
-0.1979838275086285
-0.1979280188022195
-0.1958749798501420
-0.1969550640836557
-0.1993317686850065
-0.1996912206420827
-0.1994099841090516
-0.2000960603191671
-0.1931813265781057
-0.1984709239696935
-0.1967761298098627
-0.1960816926175297
-0.2006969326639018
-0.1965452943760882
-0.2001237534672400
-0.2005976315900489
-0.2026577392497516
-0.1993712574609168
-0.1988140310655627
-0.1976774852865804
-0.1972801858907600
-0.1978137876222357
-0.1991739397410909
-0.2006409425951511
-0.2001452839229719
-0.1972503097926684
-0.1990548837144775
-0.2025145845629434
-0.1985095422025157
-0.2005113129696990
-0.1982571516575615
-0.1976456178840963
-0.1996433487736426
-0.1979914777224436
-0.1969299426016888
-0.2006594854084126
-0.1971636752679302
-0.1965191784996024
-0.2007263616277290
-0.1967230141522978
-0.1980244378575499
-0.2005462175232048
-0.1923269409928630
-0.2018977105521991
-0.1990529660358021
-0.2024786081085506
-0.1987505047480878
-0.1984376003331314
-0.2002520392815328
-0.2007812753993052
-0.2019127565201556
-0.1996187735455582
-0.1939303377367959
-0.2022738400261027
-0.1967728732142401
-0.1964407505809099
-0.2004467527397142
-0.1958576889993910
-0.1933555850332379
-0.1989532805673969
-0.1964775174693444
-0.1960640984055029
-0.1999273903466953
-0.1974681678374032
-0.1974902659601654
-0.1988571000038510
-0.2016331761660579
-0.1984734472478887
-0.1984892256725642
-0.2006669442622325
-0.2002740376794489
-0.2018053861315851
-0.1933553447140575
-0.1986639226293197
-0.1973068084872246
-0.2022178286596919
-0.2042614221647285
-0.1995500788237715
-0.1987002922397142
-0.2030771399390215
-0.1979585869510184
-0.1964087669931485
-0.1980347316691234
-0.1956219618156041
-0.1994292970518792
-0.1974319455288846
-0.2009880578021104
-0.1969405231676983
-0.2017829479838404
-0.1973617786573667
-0.1996030305811363
-0.1971563073987191
-0.1964196455298660
-0.1995346178859032
-0.1971414085808628
-0.1952498061387936
-0.2002439753019632
-0.1966162481023777
-0.2000590428380206
-0.1981754933072458
-0.2015524743866405
-0.1975156204279661
-0.1982836149864741
-0.1997801304604430
-0.1985468544857238
-0.1961176063992445
-0.1965588950733660
-0.1979725191956631
-0.2001995117904307
-0.2002710791025837
-0.2020755395375363
-0.1970232298002467
-0.1959868301865258
-0.1990759088959965
-0.2043971194971138
-0.2022561877455111
-0.1982779807409801
-0.1951065251625858
-0.1987373346853756
-0.2023444547579334
-0.1978305679522812
-0.1975508346777887
-0.2024062729950983
-0.1968556225752393
-0.1994691903238367
-0.2000912379955050
-0.1968981536825850
-0.1969086705227822
-0.1984406692270234
-0.2003280814804972
-0.1964418198028856
-0.2011510254185631
-0.1989269028501942
-0.1975493064305578
-0.1960740402453070
-0.1966841052740889
-0.1988751322134555
-0.1986285783157735
-0.1967771795751689
-0.1983279987846557
-0.1991513198704745
-0.2004741687393684
-0.1987201650053677
-0.2005787026573389
-0.1980368382694758
-0.1995079842586148
-0.1991651639072850
-0.1977851705040036
-0.1983639200607939
-0.1997879870001757
-0.1973492814407017
-0.1949784312113227
-0.2003504524617892
-0.2013105211771976
-0.1998106716717502
-0.1987284333791985
-0.1955212805719117
-0.1987947444843833
-0.2028723596628697
-0.1967351844655952
-0.1940973523499971
-0.1982446936404255
-0.1926152034482541
-0.1998969747704864
-0.1978688029475212
-0.1965389581868181
-0.1984141701189794
-0.1984062937385540
-0.1986003677274039
-0.1982236594492891
-0.1934025221256299
-0.1978421433462010
