-0.0010832912051935
0.0028286841316767
0.0012019621951481
-0.0016806158316702
-0.0011045444606743
0.0035293113526154
-0.0020118974604174
0.0025501087305100
-0.0009318863080529
-0.0026235230234951
0.0003834575871566
-0.0024495304334221
-0.0015723416668497
0.0010126731004810
0.0022063463848600
0.0010957933453350
-0.0025017246254208
0.0020389422173089
-0.0029401184051448
0.0042243981809282
-0.0003689337298042
-0.0026019075437094
0.0016466985112757
-0.0043675790496183
0.0040829239318514
-0.0010590785024001
0.0021421084883082
-0.0020656864622605
-0.0010080948501801
-0.0034739320069617
-0.0000848998007545
0.0023098711588455
0.0005431549443289
-0.0046758272285418
0.0027817612771009
-0.0014995957907396
-0.0016120248197719
0.0006258490827541
0.0000293734348125
0.0037182934484356
-0.0039925176027341
0.0003019917335141
0.0016687015550835
0.0054929335356727
0.0009459969622404
0.0016478417686945
-0.0037550830587156
0.0005556324339421
0.0019966667005273
-0.0009916131987887
0.0005283463915400
-0.0061328468752713
0.0000931203261244
-0.0047991508782190
-0.0042613876732498
-0.0037045567631245
0.0011365320249899
0.0020212419158888
0.0008372867923574
0.0019669178274507
0.0032377522650923
0.0017130238272692
-0.0003600652532144
-0.0058567064611952
-0.0007661340094162
-0.0008586882595062
0.0050605682583913
-0.0022213855613337
-0.0012178408324927
-0.0016877529791999
-0.0006568523769944
0.0008828116772733
0.0010284853530371
0.0006858762615800
0.0030378464256253
-0.0014704136441178
0.0023405295132144
-0.0001231908232102
-0.0013544069668767
-0.0031521400414413
0.0013510724906852
-0.0035261346101495
-0.0002781658095447
-0.0008760258653605
-0.0044088983583278
-0.0017527885128565
0.0034747570398113
0.0008212201003269
-0.0019430436906263
-0.0038221893521483
0.0041319813316794
0.0010136436797591
-0.0014929209956349
0.0036981005671650
-0.0015432727352958
-0.0065849104918405
0.0012356719254415
0.0064089112315239
0.0024284544755645
0.0040055252538760
0.0008919283427927
0.0031073936776519
-0.0011195354163673
-0.0010120574713451
0.0011692972115058
-0.0003723273716841
0.0027334416087907
0.0019007693454455
0.0023733989738546
-0.0036266871363902
0.0027314124524037
0.0011514788063504
-0.0032589381182755
0.0011137628336501
0.0024578127116293
0.0016698110469769
-0.0037278561008930
0.0019402725871270
-0.0014475838581482
-0.0002311132231490
-0.0020905433393386
0.0008463891968148
-0.0013361416116243
-0.0060718709696999
-0.0008840440994463
-0.0024124530706222
-0.0020799555660154
-0.0025995018012448
-0.0010600500676789
-0.0000736828629726
-0.0006604832847063
-0.0006887772675076
-0.0000163909924402
-0.0035775919259361
-0.0010557877488841
-0.0003736660598397
0.0011994981994000
-0.0003596907346967
0.0018216146940815
-0.0015086481014164
0.0009500598673189
-0.0000159266787972
-0.0044502090420425
0.0011679645252909
-0.0013733963415471
0.0011789433254030
0.0016387925405873
-0.0007979895603034
-0.0018537178622770
0.0003810265832354
0.0016469067111412
0.0070858605179221
0.0005674779097647
0.0008226816207607
0.0025644195717615
0.0020316830215659
0.0008223379153394
-0.0023357055104126
-0.0026071851858055
0.0031624519349963
0.0029024359278392
-0.0010215457187608
0.0005461912276886
0.0007792698711407
0.0000191181277568
0.0027160452917403
-0.0026937575217179
-0.0024487748939207
0.0006271457695631
-0.0007556977809723
-0.0007845923220764
-0.0004137946913460
-0.0015514772946537
0.0008457442893606
0.0058735073369341
-0.0042529479595063
0.0001727270440388
0.0015507426289785
0.0011784960917781
-0.0009373646312792
-0.0002108788561548
-0.0008728695847041
-0.0018212868723324
-0.0018628881752909
0.0003105150334726
-0.0028314453192983
-0.0001604710347202
0.0011536774744665
0.0030526598191410
-0.0035119933664804
0.0000215634904591
-0.0017249739579866
0.0026959480187537
0.0030007161273881
-0.0014479198016512
0.0007592537749807
-0.0023700304179539
-0.0023580244485528
-0.0004076579413235
0.0021306539956642
0.0026347118065909
-0.0002456697222151
0.0015476573690968
0.0001100797595112
-0.0030949047771858
0.0042096138356293
-0.0006859578607772
-0.0006836678788271
-0.0002936602707798
-0.0027240077016199
-0.0055446221497770
-0.0027369258768728
-0.0034515403355965
-0.0032068783483114
-0.0004122101027043
0.0015151337468258
-0.0038810831814983
0.0006936025155966
-0.0026521915496009
-0.0016778472904759
-0.0003499007792967
-0.0000115581732823
0.0033637996106087
-0.0006245523584333
-0.0035835400133412
-0.0008152877960802
-0.0005623388480196
0.0014723277511432
0.0004848165521207
-0.0012370620956191
0.0020254287346797
-0.0042491658604467
0.0014962584006343
0.0003058964191200
0.0013094975336511
0.0004037566129423
-0.0023520983727816
-0.0014318052096321
-0.0013240996555350
0.0025914488344699
-0.0021351639354340
-0.0041620498737875
0.0006814819946690
0.0022964909976453
-0.0024059180597075
-0.0013355806556282
-0.0054063711601906
-0.0021504987175936
-0.0004744670605502
0.0008832600569613
-0.0040380969215361
-0.0024134390383660
-0.0014466488704988
-0.0023051169479085
-0.0046001963142169
-0.0047888254844334
-0.0014902683528170
-0.0031214160466861
-0.0020444243870190
0.0022604578590128
-0.0012611762568267
-0.0050621072080796
0.0003388500179108
0.0019289770454464
-0.0036902958657557
-0.0004658811865302
0.0018247469203097
0.0024781618619135
0.0023905687497683
0.0008161839254263
-0.0009179686684384
0.0026526068528649
-0.0025119022698715
0.0009218639339955
-0.0050092279313248
0.0006851048057658
0.0017803371924889
-0.0002993011708110
-0.0004855247809057
0.0007173910943497
0.0030294035192748
-0.0025486647916858
0.0000360085973589
0.0024559039582338
0.0051683237390462
-0.0016566941747202
0.0002679096978646
0.0019360887339499
0.0007914666002176
0.0012883529596899
0.0007236535116595
-0.0023711616285312
-0.0002472005178270
-0.0037572820703558
-0.0004482785620466
0.0039009462215695
-0.0026784917770452
0.0026038434211328
0.0052667557076127
-0.0005796806911443
0.0003092067935628
0.0031758354635517
-0.0003150236688102
-0.0010169159806411
0.0064095901060074
-0.0013785809577992
0.0038135570343609
0.0025724014997511
0.0007342378324791
-0.0018278737032806
0.0062680731058739
-0.0058604245124783
0.0024772431987400
0.0048882562170337
-0.0032734874999912
-0.0041213604457849
-0.0032479930706162
0.0012948425646233
-0.0023329741412630
0.0019433309072996
-0.0040051061230486
0.0000849187207606
0.0009551779477718
0.0023611873331600
-0.0002033610836114
-0.0025795045032211
-0.0023159094152041
-0.0048301079829410
0.0019905490296768
0.0020829094692083
-0.0012018608852922
0.0026483681930129
-0.0004036649506345
0.0017198657106636
0.0045560108093149
-0.0019799389412479
-0.0026551732827828
0.0006998350290440
-0.0026836020857498
0.0038560144144297
-0.0022372603020494
0.0017321441734545
0.0009856593382897
-0.0000056663780086
0.0038654963865474
-0.0045645870795443
-0.0018737112264231
-0.0026256104091510
-0.0042971483214070
-0.0014851484360712
-0.0003141651367232
-0.0004038611910913
-0.0006049507112833
0.0017021549273520
-0.0017697827670162
-0.0003114268560642
0.0036762068264988
0.0044190371022221
0.0020181789244197
0.0011381135495935
-0.0000651386519295
0.0004624855791378
-0.0010273444160874
-0.0020568364771031
0.0017394449734141
-0.0012265347531715
0.0023943470185083
-0.0007383168362656
0.0028313840129867
-0.0032967944060466
0.0047534938458475
0.0010856385166135
0.0021096820452302
0.0034943920349608
-0.0015260568832272
-0.0009292634360917
-0.0003762631400935
-0.0011501097006723
-0.0004880818541027
-0.0016370699106519
0.0009142123799723
-0.0003307810887375
-0.0021860307747853
0.0018028275389290
0.0012236892446180
0.0066532591510153
-0.0000035170751158
-0.0016677527336633
0.0055042800955829
-0.0035618009465039
-0.0010447012509912
-0.0040399475427982
0.0022013778458538
0.0028570952234861
-0.0025935501680757
0.0023356695866917
-0.0003951262610325
-0.0015958635892510
0.0022733984095147
0.0010725088988763
0.0006335393466749
0.0025807337135348
-0.0007036881236887
0.0011930206262726
-0.0006004862916278
-0.0021624427752701
0.0005723949735091
-0.0001295815574499
-0.0028261941544347
-0.0003503754849498
0.0035770652103674
-0.0003499911437427
-0.0029233784629444
0.0009120889890250
0.0012193173391082
0.0005960433804420
0.0024145654990056
-0.0021226834420932
-0.0000014077733839
-0.0003844501861850
-0.0044307544166919
-0.0028076530208486
0.0006518242062583
0.0002657016825932
-0.0010184451585800
0.0054517467364489
-0.0000659056289212
-0.0001537126515453
-0.0028875228611753
-0.0027350081932969
0.0011169068744865
-0.0005717833724958
-0.0030170182643285
-0.0054627074882483
0.0049454685345311
-0.0024902200464822
0.0018551346259394
0.0022630555831648
0.0016012513090110
0.0015757785794028
-0.0022589947583736
-0.0019096267899518
-0.0014360190743542
0.0020785440307195
0.0014218537767181
0.0015696019921706
-0.0009072176670151
-0.0063183430199567
0.0064849815634828
-0.0022369192891923
-0.0036367503717125
0.0017821893411694
0.0001002342692315
-0.0006644802530592
-0.0026999220753643
0.0014071309082526
0.0015802470124432
-0.0025797224856896
-0.0032513588821551
0.0024164768094020
-0.0015469307494002
0.0048029081846274
0.0019653889480589
-0.0046139783062696
-0.0039581855368989
-0.0023924847334658
-0.0012020807373004
-0.0006093364106924
-0.0048277541277181
0.0055761461831504
-0.0013364725421034
0.0040507590685568
0.0000433787016882
-0.0016923761802079
0.0006067570625008
0.0017222220758434
0.0002503097239429
0.0000445869367913
0.0021505784210790
0.0033586622705195
0.0007468190968948
-0.0009784243072049
0.0007488671388556
0.0040188770075008
-0.0014924446357909
-0.0001541656811461
-0.0009077239078984
-0.0005494348086111
0.0030401262728685
-0.0038970678426517
0.0021536146537786
0.0054138609978040
-0.0018268939574821
-0.0003024560087755
0.0037212053326092
-0.0015448917310527
0.0031998603830165
0.0007964870302194
-0.0036760835956574
-0.0012146180567418
