-0.8303590607358620
-0.8300445165435766
-0.8319803336785505
-0.8282328835518933
-0.8282694479784748
-0.8309811248046617
-0.8288425599914089
-0.8281791416435823
-0.8325826740247745
-0.8309389091046202
-0.8289538123974193
-0.8305529978126889
-0.8309041637958863
-0.8308278835706118
-0.8285767908320496
-0.8300889354935443
-0.8290926223657409
-0.8277982278018263
-0.8266229163051826
-0.8273148094840634
-0.8300401906732382
-0.8291802920008209
-0.8301329615937045
-0.8296061599688177
-0.8295944669204856
-0.8282566712272946
-0.8293364460196098
-0.8293191763576371
-0.8281839867065359
-0.8311296366679927
-0.8300121757769181
-0.8282537216090298
-0.8300806158415390
-0.8291286747392305
-0.8296743451497239
-0.8291667798352100
-0.8278342046442215
-0.8286873147346835
-0.8291740914653086
-0.8300055867902151
-0.8286522976344700
-0.8287760079278350
-0.8281692164217866
-0.8286255307234991
-0.8287095809703180
-0.8287417273950279
-0.8298516243882705
-0.8247648825849628
-0.8291098557869360
-0.8291098557869360
-0.8291098557869360
-0.8297000396366471
-0.8294910664308670
-0.8281302034362626
-0.8277842232431079
-0.8286173427438531
-0.8299675503547679
-0.8288283101842197
-0.8307088584975968
-0.8305243289838417
-0.8310487451893517
-0.8292939388486069
-0.8320813220813874
-0.8319636181906528
-0.8289728198944263
-0.8289728198944263
-0.8289728198944263
-0.8299700582722491
-0.8312073535700024
-0.8272167853638454
-0.8301461307161007
-0.8265131898721847
-0.8274676134236786
-0.8312340648402703
-0.8308929215255078
-0.8308929215255078
-0.8268032032622192
-0.8300482433369255
-0.8309888740569752
-0.8291860815426736
-0.8270279316123075
-0.8304997356246406
-0.8311708321279349
-0.8313790458736755
-0.8311795714750757
-0.8311640484264337
-0.8310746977989993
-0.8283888171992856
-0.8316640297110507
-0.8310707078804098
-0.8267727471707360
-0.8276085214988259
-0.8296909698459554
-0.8293558445423866
-0.8293558445423866
-0.8293558445423866
-0.8277993212543425
-0.8287623403107566
-0.8287623403107566
-0.8269895875133131
-0.8296312559228300
-0.8300580195872577
-0.8263618920515224
-0.8285199760538382
-0.8287622881844869
-0.8292287241072699
-0.8292650146406508
-0.8278760827229598
-0.8285935792658295
-0.8270096570887744
-0.8309192630386196
-0.8303903634892337
-0.8326489050743422
